03_40_40_1000_QUICK_08
RE: 1000.000000
ITERACTIONS: 3000
VARIABLES = "X", "Y", "U", "V", "P"
ZONE F=POINT, I=40, J=40
0.012500,0.012500,0.000054,-0.000054,-0.000767
0.037500,0.012500,0.000126,-0.000018,-0.000781
0.062500,0.012500,0.000082,0.000063,-0.000811
0.087500,0.012500,-0.000128,0.000150,-0.000849
0.112500,0.012500,-0.000502,0.000229,-0.000889
0.137500,0.012500,-0.001020,0.000296,-0.000925
0.162500,0.012500,-0.001656,0.000348,-0.000954
0.187500,0.012500,-0.002382,0.000386,-0.000974
0.212500,0.012500,-0.003168,0.000410,-0.000984
0.237500,0.012500,-0.003988,0.000420,-0.000982
0.262500,0.012500,-0.004817,0.000418,-0.000968
0.287500,0.012500,-0.005630,0.000405,-0.000942
0.312500,0.012500,-0.006407,0.000382,-0.000904
0.337500,0.012500,-0.007129,0.000349,-0.000856
0.362500,0.012500,-0.007779,0.000309,-0.000799
0.387500,0.012500,-0.008342,0.000262,-0.000732
0.412500,0.012500,-0.008807,0.000210,-0.000659
0.437500,0.012500,-0.009164,0.000153,-0.000579
0.462500,0.012500,-0.009407,0.000094,-0.000496
0.487500,0.012500,-0.009530,0.000032,-0.000410
0.512500,0.012500,-0.009531,-0.000030,-0.000323
0.537500,0.012500,-0.009410,-0.000091,-0.000237
0.562500,0.012500,-0.009170,-0.000151,-0.000153
0.587500,0.012500,-0.008815,-0.000207,-0.000074
0.612500,0.012500,-0.008353,-0.000259,-0.000000
0.637500,0.012500,-0.007792,-0.000306,0.000067
0.662500,0.012500,-0.007146,-0.000346,0.000125
0.687500,0.012500,-0.006428,-0.000379,0.000173
0.712500,0.012500,-0.005654,-0.000402,0.000211
0.737500,0.012500,-0.004845,-0.000415,0.000237
0.762500,0.012500,-0.004021,-0.000417,0.000252
0.787500,0.012500,-0.003205,-0.000407,0.000254
0.812500,0.012500,-0.002423,-0.000383,0.000246
0.837500,0.012500,-0.001701,-0.000346,0.000226
0.862500,0.012500,-0.001067,-0.000294,0.000198
0.887500,0.012500,-0.000549,-0.000229,0.000163
0.912500,0.012500,-0.000171,-0.000153,0.000125
0.937500,0.012500,0.000049,-0.000070,0.000088
0.962500,0.012500,0.000110,0.000008,0.000058
0.987500,0.012500,0.000051,0.000051,0.000042
0.012500,0.037500,0.000021,-0.000128,-0.000753
0.037500,0.037500,-0.000060,0.000067,-0.000768
0.062500,0.037500,-0.000440,0.000405,-0.000793
0.087500,0.037500,-0.001188,0.000769,-0.000823
0.112500,0.037500,-0.002306,0.001108,-0.000855
0.137500,0.037500,-0.003762,0.001398,-0.000884
0.162500,0.037500,-0.005500,0.001629,-0.000907
0.187500,0.037500,-0.007456,0.001797,-0.000923
0.212500,0.037500,-0.009563,0.001904,-0.000930
0.237500,0.037500,-0.011754,0.001950,-0.000926
0.262500,0.037500,-0.013965,0.001941,-0.000912
0.287500,0.037500,-0.016135,0.001879,-0.000888
0.312500,0.037500,-0.018208,0.001771,-0.000854
0.337500,0.037500,-0.020134,0.001620,-0.000810
0.362500,0.037500,-0.021869,0.001433,-0.000757
0.387500,0.037500,-0.023373,0.001215,-0.000697
0.412500,0.037500,-0.024616,0.000972,-0.000631
0.437500,0.037500,-0.025571,0.000710,-0.000559
0.462500,0.037500,-0.026220,0.000433,-0.000483
0.487500,0.037500,-0.026549,0.000148,-0.000405
0.512500,0.037500,-0.026552,-0.000139,-0.000327
0.537500,0.037500,-0.026229,-0.000424,-0.000249
0.562500,0.037500,-0.025587,-0.000701,-0.000173
0.587500,0.037500,-0.024638,-0.000963,-0.000102
0.612500,0.037500,-0.023403,-0.001206,-0.000035
0.637500,0.037500,-0.021905,-0.001423,0.000026
0.662500,0.037500,-0.020179,-0.001609,0.000078
0.687500,0.037500,-0.018262,-0.001759,0.000122
0.712500,0.037500,-0.016198,-0.001868,0.000157
0.737500,0.037500,-0.014038,-0.001929,0.000182
0.762500,0.037500,-0.011837,-0.001938,0.000196
0.787500,0.037500,-0.009655,-0.001892,0.000200
0.812500,0.037500,-0.007557,-0.001787,0.000194
0.837500,0.037500,-0.005609,-0.001620,0.000179
0.862500,0.037500,-0.003876,-0.001394,0.000157
0.887500,0.037500,-0.002420,-0.001110,0.000129
0.912500,0.037500,-0.001293,-0.000781,0.000099
0.937500,0.037500,-0.000528,-0.000429,0.000069
0.962500,0.037500,-0.000120,-0.000103,0.000045
0.987500,0.037500,-0.000001,0.000102,0.000031
0.012500,0.062500,-0.000079,-0.000071,-0.000725
0.037500,0.062500,-0.000453,0.000464,-0.000745
0.062500,0.062500,-0.001298,0.001234,-0.000770
0.087500,0.062500,-0.002662,0.002054,-0.000798
0.112500,0.062500,-0.004539,0.002822,-0.000825
0.137500,0.062500,-0.006882,0.003486,-0.000850
0.162500,0.062500,-0.009619,0.004019,-0.000869
0.187500,0.062500,-0.012661,0.004410,-0.000882
0.212500,0.062500,-0.015916,0.004657,-0.000887
0.237500,0.062500,-0.019287,0.004763,-0.000883
0.262500,0.062500,-0.022679,0.004735,-0.000869
0.287500,0.062500,-0.026003,0.004583,-0.000846
0.312500,0.062500,-0.029177,0.004317,-0.000814
0.337500,0.062500,-0.032123,0.003950,-0.000774
0.362500,0.062500,-0.034776,0.003494,-0.000725
0.387500,0.062500,-0.037077,0.002963,-0.000670
0.412500,0.062500,-0.038977,0.002371,-0.000609
0.437500,0.062500,-0.040438,0.001730,-0.000543
0.462500,0.062500,-0.041430,0.001055,-0.000474
0.487500,0.062500,-0.041933,0.000360,-0.000402
0.512500,0.062500,-0.041937,-0.000342,-0.000330
0.537500,0.062500,-0.041443,-0.001037,-0.000259
0.562500,0.062500,-0.040461,-0.001711,-0.000189
0.587500,0.062500,-0.039010,-0.002351,-0.000123
0.612500,0.062500,-0.037120,-0.002943,-0.000062
0.637500,0.062500,-0.034830,-0.003473,-0.000007
0.662500,0.062500,-0.032189,-0.003927,0.000042
0.687500,0.062500,-0.029255,-0.004293,0.000083
0.712500,0.062500,-0.026095,-0.004558,0.000115
0.737500,0.062500,-0.022784,-0.004710,0.000138
0.762500,0.062500,-0.019405,-0.004737,0.000153
0.787500,0.062500,-0.016048,-0.004632,0.000157
0.812500,0.062500,-0.012805,-0.004388,0.000153
0.837500,0.062500,-0.009772,-0.004001,0.000142
0.862500,0.062500,-0.007041,-0.003477,0.000123
0.887500,0.062500,-0.004697,-0.002826,0.000099
0.912500,0.062500,-0.002812,-0.002077,0.000073
0.937500,0.062500,-0.001428,-0.001282,0.000046
0.962500,0.062500,-0.000548,-0.000537,0.000022
0.987500,0.062500,-0.000115,-0.000013,0.000004
0.012500,0.087500,-0.000206,0.000213,-0.000690
0.037500,0.087500,-0.000933,0.001280,-0.000716
0.062500,0.087500,-0.002302,0.002634,-0.000744
0.087500,0.087500,-0.004322,0.004041,-0.000772
0.112500,0.087500,-0.006965,0.005357,-0.000798
0.137500,0.087500,-0.010167,0.006498,-0.000821
0.162500,0.087500,-0.013840,0.007417,-0.000838
0.187500,0.087500,-0.017876,0.008092,-0.000849
0.212500,0.087500,-0.022161,0.008516,-0.000853
0.237500,0.087500,-0.026576,0.008692,-0.000848
0.262500,0.087500,-0.031005,0.008629,-0.000835
0.287500,0.087500,-0.035336,0.008345,-0.000813
0.312500,0.087500,-0.039463,0.007857,-0.000783
0.337500,0.087500,-0.043292,0.007187,-0.000745
0.362500,0.087500,-0.046736,0.006356,-0.000700
0.387500,0.087500,-0.049721,0.005390,-0.000648
0.412500,0.087500,-0.052186,0.004311,-0.000591
0.437500,0.087500,-0.054080,0.003146,-0.000530
0.462500,0.087500,-0.055366,0.001919,-0.000466
0.487500,0.087500,-0.056018,0.000654,-0.000400
0.512500,0.087500,-0.056023,-0.000623,-0.000333
0.537500,0.087500,-0.055383,-0.001888,-0.000266
0.562500,0.087500,-0.054109,-0.003115,-0.000202
0.587500,0.087500,-0.052227,-0.004279,-0.000141
0.612500,0.087500,-0.049774,-0.005356,-0.000084
0.637500,0.087500,-0.046802,-0.006321,-0.000032
0.662500,0.087500,-0.043372,-0.007149,0.000013
0.687500,0.087500,-0.039558,-0.007818,0.000052
0.712500,0.087500,-0.035446,-0.008304,0.000082
0.737500,0.087500,-0.031131,-0.008588,0.000104
0.762500,0.087500,-0.026717,-0.008650,0.000118
0.787500,0.087500,-0.022316,-0.008476,0.000123
0.812500,0.087500,-0.018044,-0.008057,0.000121
0.837500,0.087500,-0.014019,-0.007390,0.000110
0.862500,0.087500,-0.010353,-0.006484,0.000094
0.887500,0.087500,-0.007150,-0.005363,0.000072
0.912500,0.087500,-0.004498,-0.004076,0.000047
0.937500,0.087500,-0.002456,-0.002707,0.000020
0.962500,0.087500,-0.001048,-0.001398,-0.000006
0.987500,0.087500,-0.000251,-0.000379,-0.000030
0.012500,0.112500,-0.000343,0.000760,-0.000652
0.037500,0.112500,-0.001441,0.002555,-0.000686
0.062500,0.112500,-0.003351,0.004639,-0.000718
0.087500,0.112500,-0.006041,0.006747,-0.000748
0.112500,0.112500,-0.009449,0.008704,-0.000775
0.137500,0.112500,-0.013491,0.010397,-0.000797
0.162500,0.112500,-0.018057,0.011759,-0.000814
0.187500,0.112500,-0.023025,0.012756,-0.000824
0.212500,0.112500,-0.028261,0.013375,-0.000827
0.237500,0.112500,-0.033628,0.013617,-0.000822
0.262500,0.112500,-0.038992,0.013498,-0.000809
0.287500,0.112500,-0.044222,0.013039,-0.000788
0.312500,0.112500,-0.049196,0.012267,-0.000760
0.337500,0.112500,-0.053803,0.011214,-0.000723
0.362500,0.112500,-0.057943,0.009914,-0.000681
0.387500,0.112500,-0.061528,0.008404,-0.000632
0.412500,0.112500,-0.064486,0.006722,-0.000578
0.437500,0.112500,-0.066758,0.004904,-0.000521
0.462500,0.112500,-0.068300,0.002990,-0.000460
0.487500,0.112500,-0.069081,0.001017,-0.000398
0.512500,0.112500,-0.069087,-0.000974,-0.000335
0.537500,0.112500,-0.068319,-0.002945,-0.000272
0.562500,0.112500,-0.066790,-0.004858,-0.000212
0.587500,0.112500,-0.064531,-0.006675,-0.000154
0.612500,0.112500,-0.061586,-0.008355,-0.000100
0.637500,0.112500,-0.058015,-0.009863,-0.000051
0.662500,0.112500,-0.053890,-0.011160,-0.000008
0.687500,0.112500,-0.049299,-0.012211,0.000028
0.712500,0.112500,-0.044341,-0.012981,0.000057
0.737500,0.112500,-0.039127,-0.013439,0.000079
0.762500,0.112500,-0.033779,-0.013559,0.000092
0.787500,0.112500,-0.028426,-0.013319,0.000097
0.812500,0.112500,-0.023204,-0.012707,0.000095
0.837500,0.112500,-0.018246,-0.011722,0.000085
0.862500,0.112500,-0.013685,-0.010378,0.000069
0.887500,0.112500,-0.009643,-0.008712,0.000048
0.912500,0.112500,-0.006225,-0.006795,0.000022
0.937500,0.112500,-0.003513,-0.004740,-0.000007
0.962500,0.112500,-0.001560,-0.002725,-0.000038
0.987500,0.112500,-0.000389,-0.001019,-0.000069
0.012500,0.137500,-0.000480,0.001582,-0.000615
0.037500,0.137500,-0.001948,0.004299,-0.000656
0.062500,0.137500,-0.004398,0.007257,-0.000693
0.087500,0.137500,-0.007753,0.010174,-0.000727
0.112500,0.137500,-0.011919,0.012852,-0.000755
0.137500,0.137500,-0.016783,0.015155,-0.000779
0.162500,0.137500,-0.022215,0.017001,-0.000796
0.187500,0.137500,-0.028073,0.018342,-0.000806
0.212500,0.137500,-0.034206,0.019160,-0.000809
0.237500,0.137500,-0.040461,0.019457,-0.000804
0.262500,0.137500,-0.046688,0.019251,-0.000792
0.287500,0.137500,-0.052741,0.018571,-0.000771
0.312500,0.137500,-0.058485,0.017454,-0.000743
0.337500,0.137500,-0.063794,0.015945,-0.000709
0.362500,0.137500,-0.068559,0.014089,-0.000668
0.387500,0.137500,-0.072680,0.011939,-0.000621
0.412500,0.137500,-0.076078,0.009545,-0.000569
0.437500,0.137500,-0.078686,0.006962,-0.000514
0.462500,0.137500,-0.080454,0.004243,-0.000456
0.487500,0.137500,-0.081349,0.001443,-0.000396
0.512500,0.137500,-0.081356,-0.001384,-0.000336
0.537500,0.137500,-0.080473,-0.004184,-0.000276
0.562500,0.137500,-0.078718,-0.006902,-0.000218
0.587500,0.137500,-0.076124,-0.009483,-0.000163
0.612500,0.137500,-0.072740,-0.011874,-0.000111
0.637500,0.137500,-0.068633,-0.014022,-0.000064
0.662500,0.137500,-0.063883,-0.015874,-0.000023
0.687500,0.137500,-0.058589,-0.017381,0.000012
0.712500,0.137500,-0.052861,-0.018495,0.000040
0.737500,0.137500,-0.046823,-0.019174,0.000061
0.762500,0.137500,-0.040611,-0.019381,0.000074
0.787500,0.137500,-0.034370,-0.019089,0.000079
0.812500,0.137500,-0.028249,-0.018280,0.000077
0.837500,0.137500,-0.022400,-0.016954,0.000067
0.862500,0.137500,-0.016972,-0.015132,0.000051
0.887500,0.137500,-0.012107,-0.012864,0.000028
0.912500,0.137500,-0.007930,-0.010236,0.000000
0.937500,0.137500,-0.004552,-0.007387,-0.000032
0.962500,0.137500,-0.002060,-0.004521,-0.000068
0.987500,0.137500,-0.000522,-0.001929,-0.000107
0.012500,0.162500,-0.000613,0.002673,-0.000582
0.037500,0.162500,-0.002442,0.006505,-0.000630
0.062500,0.162500,-0.005421,0.010482,-0.000673
0.087500,0.162500,-0.009431,0.014316,-0.000710
0.112500,0.162500,-0.014343,0.017790,-0.000742
0.137500,0.162500,-0.020014,0.020755,-0.000767
0.162500,0.162500,-0.026291,0.023113,-0.000785
0.187500,0.162500,-0.033011,0.024809,-0.000796
0.212500,0.162500,-0.040005,0.025821,-0.000799
0.237500,0.162500,-0.047104,0.026152,-0.000794
0.262500,0.162500,-0.054145,0.025824,-0.000782
0.287500,0.162500,-0.060967,0.024875,-0.000762
0.312500,0.162500,-0.067424,0.023353,-0.000734
0.337500,0.162500,-0.073381,0.021314,-0.000700
0.362500,0.162500,-0.078717,0.018821,-0.000660
0.387500,0.162500,-0.083327,0.015940,-0.000614
0.412500,0.162500,-0.087123,0.012739,-0.000564
0.437500,0.162500,-0.090034,0.009288,-0.000510
0.462500,0.162500,-0.092007,0.005659,-0.000454
0.487500,0.162500,-0.093005,0.001922,-0.000396
0.512500,0.162500,-0.093011,-0.001850,-0.000337
0.537500,0.162500,-0.092025,-0.005586,-0.000279
0.562500,0.162500,-0.090065,-0.009213,-0.000222
0.587500,0.162500,-0.087167,-0.012662,-0.000168
0.612500,0.162500,-0.083384,-0.015860,-0.000118
0.637500,0.162500,-0.078788,-0.018738,-0.000072
0.662500,0.162500,-0.073466,-0.021227,-0.000032
0.687500,0.162500,-0.067523,-0.023263,0.000003
0.712500,0.162500,-0.061080,-0.024783,0.000030
0.737500,0.162500,-0.054271,-0.025731,0.000051
0.762500,0.162500,-0.047244,-0.026061,0.000063
0.787500,0.162500,-0.040157,-0.025736,0.000069
0.812500,0.162500,-0.033173,-0.024735,0.000066
0.837500,0.162500,-0.026460,-0.023058,0.000056
0.862500,0.162500,-0.020186,-0.020728,0.000038
0.887500,0.162500,-0.014512,-0.017806,0.000013
0.912500,0.162500,-0.009590,-0.014392,-0.000017
0.937500,0.162500,-0.005557,-0.010641,-0.000054
0.962500,0.162500,-0.002539,-0.006776,-0.000096
0.987500,0.162500,-0.000649,-0.003100,-0.000142
0.012500,0.187500,-0.000741,0.004026,-0.000553
0.037500,0.187500,-0.002920,0.009160,-0.000609
0.062500,0.187500,-0.006416,0.014303,-0.000658
0.087500,0.187500,-0.011069,0.019160,-0.000700
0.112500,0.187500,-0.016714,0.023505,-0.000734
0.137500,0.187500,-0.023180,0.027179,-0.000762
0.162500,0.187500,-0.030287,0.030074,-0.000781
0.187500,0.187500,-0.037849,0.032131,-0.000793
0.212500,0.187500,-0.045679,0.033325,-0.000797
0.237500,0.187500,-0.053593,0.033663,-0.000792
0.262500,0.187500,-0.061412,0.033173,-0.000780
0.287500,0.187500,-0.068965,0.031903,-0.000759
0.312500,0.187500,-0.076095,0.029913,-0.000732
0.337500,0.187500,-0.082658,0.027275,-0.000698
0.362500,0.187500,-0.088526,0.024066,-0.000658
0.387500,0.187500,-0.093588,0.020369,-0.000612
0.412500,0.187500,-0.097751,0.016271,-0.000562
0.437500,0.187500,-0.100940,0.011858,-0.000509
0.462500,0.187500,-0.103099,0.007222,-0.000453
0.487500,0.187500,-0.104191,0.002451,-0.000395
0.512500,0.187500,-0.104197,-0.002365,-0.000337
0.537500,0.187500,-0.103116,-0.007135,-0.000280
0.562500,0.187500,-0.100968,-0.011770,-0.000224
0.587500,0.187500,-0.097790,-0.016179,-0.000170
0.612500,0.187500,-0.093639,-0.020275,-0.000120
0.637500,0.187500,-0.088589,-0.023968,-0.000074
0.662500,0.187500,-0.082733,-0.027173,-0.000034
0.687500,0.187500,-0.076182,-0.029809,0.000000
0.712500,0.187500,-0.069064,-0.031796,0.000028
0.737500,0.187500,-0.061523,-0.033066,0.000048
0.762500,0.187500,-0.053715,-0.033559,0.000061
0.787500,0.187500,-0.045811,-0.033228,0.000066
0.812500,0.187500,-0.037988,-0.032048,0.000063
0.837500,0.187500,-0.030432,-0.030013,0.000051
0.862500,0.187500,-0.023326,-0.027151,0.000032
0.887500,0.187500,-0.016856,-0.023526,0.000005
0.912500,0.187500,-0.011200,-0.019249,-0.000029
0.937500,0.187500,-0.006526,-0.014488,-0.000070
0.962500,0.187500,-0.002997,-0.009475,-0.000118
0.987500,0.187500,-0.000769,-0.004518,-0.000173
0.012500,0.212500,-0.000865,0.005632,-0.000532
0.037500,0.212500,-0.003384,0.012254,-0.000595
0.062500,0.212500,-0.007385,0.018708,-0.000650
0.087500,0.212500,-0.012671,0.024695,-0.000696
0.112500,0.212500,-0.019041,0.029987,-0.000735
0.137500,0.212500,-0.026293,0.034416,-0.000764
0.162500,0.212500,-0.034218,0.037871,-0.000786
0.187500,0.212500,-0.042609,0.040289,-0.000798
0.212500,0.212500,-0.051258,0.041649,-0.000802
0.237500,0.212500,-0.059965,0.041962,-0.000798
0.262500,0.212500,-0.068537,0.041266,-0.000785
0.287500,0.212500,-0.076792,0.039620,-0.000764
0.312500,0.212500,-0.084563,0.037099,-0.000736
0.337500,0.212500,-0.091700,0.033790,-0.000702
0.362500,0.212500,-0.098069,0.029789,-0.000661
0.387500,0.212500,-0.103554,0.025195,-0.000615
0.412500,0.212500,-0.108058,0.020114,-0.000564
0.437500,0.212500,-0.111506,0.014653,-0.000510
0.462500,0.212500,-0.113837,0.008920,-0.000454
0.487500,0.212500,-0.115015,0.003024,-0.000396
0.512500,0.212500,-0.115020,-0.002926,-0.000337
0.537500,0.212500,-0.113851,-0.008821,-0.000279
0.562500,0.212500,-0.111529,-0.014552,-0.000222
0.587500,0.212500,-0.108091,-0.020011,-0.000168
0.612500,0.212500,-0.103596,-0.025088,-0.000118
0.637500,0.212500,-0.098121,-0.029678,-0.000071
0.662500,0.212500,-0.091762,-0.033676,-0.000031
0.687500,0.212500,-0.084635,-0.036982,0.000004
0.712500,0.212500,-0.076873,-0.039501,0.000032
0.737500,0.212500,-0.068627,-0.041147,0.000053
0.762500,0.212500,-0.060063,-0.041847,0.000066
0.787500,0.212500,-0.051363,-0.041543,0.000071
0.812500,0.212500,-0.042719,-0.040198,0.000067
0.837500,0.212500,-0.034331,-0.037805,0.000055
0.862500,0.212500,-0.026405,-0.034388,0.000034
0.887500,0.212500,-0.019149,-0.030013,0.000005
0.912500,0.212500,-0.012768,-0.024798,-0.000033
0.937500,0.212500,-0.007466,-0.018914,-0.000080
0.962500,0.212500,-0.003439,-0.012602,-0.000134
0.987500,0.212500,-0.000885,-0.006171,-0.000197
0.012500,0.237500,-0.000986,0.007484,-0.000518
0.037500,0.237500,-0.003839,0.015776,-0.000589
0.062500,0.237500,-0.008338,0.023686,-0.000650
0.087500,0.237500,-0.014249,0.030915,-0.000701
0.112500,0.237500,-0.021339,0.037229,-0.000743
0.137500,0.237500,-0.029370,0.042458,-0.000776
0.162500,0.237500,-0.038107,0.046492,-0.000799
0.187500,0.237500,-0.047317,0.049270,-0.000812
0.212500,0.237500,-0.056773,0.050775,-0.000816
0.237500,0.237500,-0.066257,0.051028,-0.000812
0.262500,0.237500,-0.075561,0.050078,-0.000798
0.287500,0.237500,-0.084495,0.047999,-0.000777
0.312500,0.237500,-0.092882,0.044882,-0.000748
0.337500,0.237500,-0.100567,0.040831,-0.000711
0.362500,0.237500,-0.107409,0.035961,-0.000669
0.387500,0.237500,-0.113292,0.030392,-0.000622
0.412500,0.237500,-0.118116,0.024248,-0.000570
0.437500,0.237500,-0.121803,0.017655,-0.000514
0.462500,0.237500,-0.124295,0.010743,-0.000456
0.487500,0.237500,-0.125552,0.003638,-0.000396
0.512500,0.237500,-0.125556,-0.003530,-0.000336
0.537500,0.237500,-0.124306,-0.010634,-0.000277
0.562500,0.237500,-0.121821,-0.017545,-0.000219
0.587500,0.237500,-0.118141,-0.024134,-0.000163
0.612500,0.237500,-0.113324,-0.030275,-0.000111
0.637500,0.237500,-0.107448,-0.035840,-0.000063
0.662500,0.237500,-0.100612,-0.040707,-0.000021
0.687500,0.237500,-0.092935,-0.044755,0.000015
0.712500,0.237500,-0.084554,-0.047871,0.000044
0.737500,0.237500,-0.075626,-0.049951,0.000066
0.762500,0.237500,-0.066326,-0.050905,0.000080
0.787500,0.237500,-0.056846,-0.050663,0.000085
0.812500,0.237500,-0.047393,-0.049175,0.000081
0.837500,0.237500,-0.038183,-0.046425,0.000067
0.862500,0.237500,-0.029444,-0.042432,0.000044
0.887500,0.237500,-0.021408,-0.037260,0.000012
0.912500,0.237500,-0.014310,-0.031028,-0.000030
0.937500,0.237500,-0.008386,-0.023909,-0.000081
0.962500,0.237500,-0.003871,-0.016148,-0.000142
0.987500,0.237500,-0.000997,-0.008053,-0.000212
0.012500,0.262500,-0.001106,0.009576,-0.000514
0.037500,0.262500,-0.004290,0.019722,-0.000592
0.062500,0.262500,-0.009284,0.029235,-0.000659
0.087500,0.262500,-0.015819,0.037815,-0.000716
0.112500,0.262500,-0.023625,0.045227,-0.000761
0.137500,0.262500,-0.032434,0.051302,-0.000796
0.162500,0.262500,-0.041979,0.055933,-0.000821
0.187500,0.262500,-0.052002,0.059064,-0.000835
0.212500,0.262500,-0.062254,0.060690,-0.000840
0.237500,0.262500,-0.072500,0.060843,-0.000834
0.262500,0.262500,-0.082520,0.059588,-0.000820
0.287500,0.262500,-0.092110,0.057015,-0.000797
0.312500,0.262500,-0.101090,0.053234,-0.000766
0.337500,0.262500,-0.109295,0.048370,-0.000727
0.362500,0.262500,-0.116586,0.042557,-0.000683
0.387500,0.262500,-0.122842,0.035936,-0.000633
0.412500,0.262500,-0.127965,0.028652,-0.000579
0.437500,0.262500,-0.131875,0.020851,-0.000521
0.462500,0.262500,-0.134514,0.012681,-0.000460
0.487500,0.262500,-0.135845,0.004290,-0.000398
0.512500,0.262500,-0.135847,-0.004175,-0.000335
0.537500,0.262500,-0.134521,-0.012565,-0.000273
0.562500,0.262500,-0.131886,-0.020733,-0.000212
0.587500,0.262500,-0.127980,-0.028531,-0.000154
0.612500,0.262500,-0.122862,-0.035812,-0.000100
0.637500,0.262500,-0.116610,-0.042429,-0.000050
0.662500,0.262500,-0.109323,-0.048239,-0.000005
0.687500,0.262500,-0.101120,-0.053101,0.000033
0.712500,0.262500,-0.092144,-0.056880,0.000064
0.737500,0.262500,-0.082556,-0.059455,0.000087
0.762500,0.262500,-0.072538,-0.060716,0.000102
0.787500,0.262500,-0.062293,-0.060575,0.000107
0.812500,0.262500,-0.052040,-0.058968,0.000103
0.837500,0.262500,-0.042015,-0.055865,0.000089
0.862500,0.262500,-0.032467,-0.051277,0.000064
0.887500,0.262500,-0.023654,-0.045262,0.000029
0.912500,0.262500,-0.015842,-0.037934,-0.000016
0.937500,0.262500,-0.009299,-0.029468,-0.000073
0.962500,0.262500,-0.004298,-0.020105,-0.000140
0.987500,0.262500,-0.001108,-0.010157,-0.000218
0.012500,0.287500,-0.001226,0.011909,-0.000521
0.037500,0.287500,-0.004741,0.024090,-0.000606
0.062500,0.287500,-0.010232,0.035354,-0.000679
0.087500,0.287500,-0.017394,0.045395,-0.000741
0.112500,0.287500,-0.025920,0.053980,-0.000790
0.137500,0.287500,-0.035507,0.060945,-0.000828
0.162500,0.287500,-0.045858,0.066188,-0.000854
0.187500,0.287500,-0.056689,0.069665,-0.000869
0.212500,0.287500,-0.067728,0.071383,-0.000872
0.237500,0.287500,-0.078722,0.071392,-0.000866
0.262500,0.287500,-0.089437,0.069775,-0.000850
0.287500,0.287500,-0.099661,0.066644,-0.000824
0.312500,0.287500,-0.109206,0.062130,-0.000791
0.337500,0.287500,-0.117905,0.056380,-0.000750
0.362500,0.287500,-0.125617,0.049551,-0.000702
0.387500,0.287500,-0.132221,0.041804,-0.000649
0.412500,0.287500,-0.137618,0.033305,-0.000591
0.437500,0.287500,-0.141733,0.024223,-0.000530
0.462500,0.287500,-0.144507,0.014724,-0.000465
0.487500,0.287500,-0.145904,0.004976,-0.000400
0.512500,0.287500,-0.145905,-0.004856,-0.000333
0.537500,0.287500,-0.144509,-0.014603,-0.000268
0.562500,0.287500,-0.141736,-0.024101,-0.000204
0.587500,0.287500,-0.137623,-0.033180,-0.000142
0.612500,0.287500,-0.132227,-0.041676,-0.000084
0.637500,0.287500,-0.125624,-0.049419,-0.000031
0.662500,0.287500,-0.117913,-0.056246,0.000017
0.687500,0.287500,-0.109214,-0.061994,0.000058
0.712500,0.287500,-0.099668,-0.066507,0.000091
0.737500,0.287500,-0.089443,-0.069641,0.000117
0.762500,0.287500,-0.078727,-0.071264,0.000133
0.787500,0.287500,-0.067731,-0.071267,0.000140
0.812500,0.287500,-0.056689,-0.069568,0.000136
0.837500,0.287500,-0.045855,-0.066121,0.000121
0.862500,0.287500,-0.035499,-0.060922,0.000095
0.887500,0.287500,-0.025909,-0.054019,0.000057
0.912500,0.287500,-0.017380,-0.045517,0.000008
0.937500,0.287500,-0.010216,-0.035588,-0.000054
0.962500,0.287500,-0.004727,-0.024473,-0.000127
0.987500,0.287500,-0.001220,-0.012484,-0.000213
0.012500,0.312500,-0.001347,0.014482,-0.000539
0.037500,0.312500,-0.005198,0.028885,-0.000632
0.062500,0.312500,-0.011194,0.042047,-0.000711
0.087500,0.312500,-0.018990,0.053661,-0.000778
0.112500,0.312500,-0.028242,0.063494,-0.000831
0.137500,0.312500,-0.038611,0.071389,-0.000871
0.162500,0.312500,-0.049769,0.077255,-0.000898
0.187500,0.312500,-0.061401,0.081063,-0.000913
0.212500,0.312500,-0.073215,0.082839,-0.000916
0.237500,0.312500,-0.084939,0.082655,-0.000907
0.262500,0.312500,-0.096326,0.080616,-0.000889
0.287500,0.312500,-0.107156,0.076859,-0.000860
0.312500,0.312500,-0.117235,0.071541,-0.000823
0.337500,0.312500,-0.126395,0.064831,-0.000779
0.362500,0.312500,-0.134495,0.056912,-0.000727
0.387500,0.312500,-0.141415,0.047968,-0.000670
0.412500,0.312500,-0.147061,0.038186,-0.000607
0.437500,0.312500,-0.151358,0.027755,-0.000541
0.462500,0.312500,-0.154252,0.016862,-0.000472
0.487500,0.312500,-0.155707,0.005692,-0.000402
0.512500,0.312500,-0.155706,-0.005570,-0.000331
0.537500,0.312500,-0.154249,-0.016740,-0.000261
0.562500,0.312500,-0.151354,-0.027631,-0.000192
0.587500,0.312500,-0.147055,-0.038060,-0.000126
0.612500,0.312500,-0.141408,-0.047839,-0.000064
0.637500,0.312500,-0.134485,-0.056780,-0.000006
0.662500,0.312500,-0.126383,-0.064697,0.000045
0.687500,0.312500,-0.117219,-0.071404,0.000090
0.712500,0.312500,-0.107137,-0.076723,0.000127
0.737500,0.312500,-0.096302,-0.080483,0.000155
0.762500,0.312500,-0.084910,-0.082528,0.000174
0.787500,0.312500,-0.073182,-0.082725,0.000182
0.812500,0.312500,-0.061363,-0.080969,0.000179
0.837500,0.312500,-0.049725,-0.077191,0.000164
0.862500,0.312500,-0.038563,-0.071368,0.000137
0.887500,0.312500,-0.028192,-0.063534,0.000097
0.912500,0.312500,-0.018940,-0.053782,0.000044
0.937500,0.312500,-0.011148,-0.042277,-0.000023
0.962500,0.312500,-0.005163,-0.029257,-0.000103
0.987500,0.312500,-0.001333,-0.015037,-0.000196
0.012500,0.337500,-0.001471,0.017301,-0.000571
0.037500,0.337500,-0.005666,0.034116,-0.000671
0.062500,0.337500,-0.012178,0.049326,-0.000757
0.087500,0.337500,-0.020620,0.062622,-0.000828
0.112500,0.337500,-0.030609,0.073775,-0.000884
0.137500,0.337500,-0.041766,0.082636,-0.000926
0.162500,0.337500,-0.053728,0.089130,-0.000954
0.187500,0.337500,-0.066155,0.093249,-0.000968
0.212500,0.337500,-0.078728,0.095042,-0.000970
0.237500,0.337500,-0.091158,0.094608,-0.000959
0.262500,0.337500,-0.103187,0.092081,-0.000937
0.287500,0.337500,-0.114586,0.087626,-0.000905
0.312500,0.337500,-0.125160,0.081428,-0.000864
0.337500,0.337500,-0.134740,0.073686,-0.000814
0.362500,0.337500,-0.143186,0.064605,-0.000758
0.387500,0.337500,-0.150385,0.054395,-0.000695
0.412500,0.337500,-0.156246,0.043267,-0.000627
0.437500,0.337500,-0.160699,0.031427,-0.000555
0.462500,0.337500,-0.163694,0.019081,-0.000481
0.487500,0.337500,-0.165198,0.006434,-0.000405
0.512500,0.337500,-0.165196,-0.006314,-0.000328
0.537500,0.337500,-0.163688,-0.018960,-0.000252
0.562500,0.337500,-0.160688,-0.031304,-0.000178
0.587500,0.337500,-0.156230,-0.043142,-0.000106
0.612500,0.337500,-0.150364,-0.054268,-0.000039
0.637500,0.337500,-0.143160,-0.064475,0.000024
0.662500,0.337500,-0.134708,-0.073554,0.000081
0.687500,0.337500,-0.125121,-0.081295,0.000130
0.712500,0.337500,-0.114541,-0.087494,0.000172
0.737500,0.337500,-0.103134,-0.091952,0.000204
0.762500,0.337500,-0.091098,-0.094486,0.000226
0.787500,0.337500,-0.078660,-0.094933,0.000236
0.812500,0.337500,-0.066080,-0.093159,0.000235
0.837500,0.337500,-0.053647,-0.089069,0.000220
0.862500,0.337500,-0.041680,-0.082617,0.000192
0.887500,0.337500,-0.030522,-0.073814,0.000150
0.912500,0.337500,-0.020537,-0.062738,0.000093
0.937500,0.337500,-0.012104,-0.049544,0.000022
0.962500,0.337500,-0.005612,-0.034465,-0.000065
0.987500,0.337500,-0.001450,-0.017819,-0.000166
0.012500,0.362500,-0.001599,0.020373,-0.000616
0.037500,0.362500,-0.006150,0.039793,-0.000725
0.062500,0.362500,-0.013193,0.057205,-0.000817
0.087500,0.362500,-0.022298,0.072292,-0.000893
0.112500,0.362500,-0.033035,0.084832,-0.000953
0.137500,0.362500,-0.044986,0.094688,-0.000996
0.162500,0.362500,-0.057752,0.101807,-0.001024
0.187500,0.362500,-0.070960,0.106207,-0.001037
0.212500,0.362500,-0.084269,0.107967,-0.001036
0.237500,0.362500,-0.097374,0.107219,-0.001022
0.262500,0.362500,-0.110003,0.104130,-0.000996
0.287500,0.362500,-0.121925,0.098900,-0.000959
0.312500,0.362500,-0.132942,0.091746,-0.000913
0.337500,0.362500,-0.142888,0.082896,-0.000857
0.362500,0.362500,-0.151630,0.072585,-0.000794
0.387500,0.362500,-0.159060,0.061046,-0.000725
0.412500,0.362500,-0.165094,0.048513,-0.000651
0.437500,0.362500,-0.169671,0.035211,-0.000573
0.462500,0.362500,-0.172744,0.021366,-0.000491
0.487500,0.362500,-0.174286,0.007197,-0.000409
0.512500,0.362500,-0.174282,-0.007080,-0.000325
0.537500,0.362500,-0.172733,-0.021249,-0.000242
0.562500,0.362500,-0.169653,-0.035093,-0.000161
0.587500,0.362500,-0.165069,-0.048393,-0.000083
0.612500,0.362500,-0.159026,-0.060924,-0.000008
0.637500,0.362500,-0.151588,-0.072461,0.000061
0.662500,0.362500,-0.142837,-0.082770,0.000124
0.687500,0.362500,-0.132882,-0.091619,0.000179
0.712500,0.362500,-0.121855,-0.098775,0.000226
0.737500,0.362500,-0.109923,-0.104008,0.000262
0.762500,0.362500,-0.097283,-0.107104,0.000288
0.787500,0.362500,-0.084169,-0.107865,0.000302
0.812500,0.362500,-0.070851,-0.106123,0.000303
0.837500,0.362500,-0.057636,-0.101751,0.000289
0.862500,0.362500,-0.044866,-0.094671,0.000261
0.887500,0.362500,-0.032915,-0.084867,0.000217
0.912500,0.362500,-0.022184,-0.072398,0.000157
0.937500,0.362500,-0.013095,-0.057403,0.000081
0.962500,0.362500,-0.006080,-0.040111,-0.000012
0.987500,0.362500,-0.001572,-0.020841,-0.000122
0.012500,0.387500,-0.001733,0.023706,-0.000678
0.037500,0.387500,-0.006654,0.045935,-0.000795
0.062500,0.387500,-0.014249,0.065702,-0.000894
0.087500,0.387500,-0.024035,0.082688,-0.000975
0.112500,0.387500,-0.035535,0.096675,-0.001037
0.137500,0.387500,-0.048285,0.107548,-0.001081
0.162500,0.387500,-0.061848,0.115278,-0.001109
0.187500,0.387500,-0.075819,0.119917,-0.001120
0.212500,0.387500,-0.089832,0.121582,-0.001116
0.237500,0.387500,-0.103566,0.120444,-0.001097
0.262500,0.387500,-0.116742,0.116712,-0.001066
0.287500,0.387500,-0.129124,0.110624,-0.001023
0.312500,0.387500,-0.140517,0.102433,-0.000970
0.337500,0.387500,-0.150762,0.092402,-0.000908
0.362500,0.387500,-0.159733,0.080794,-0.000837
0.387500,0.387500,-0.167334,0.067869,-0.000761
0.412500,0.387500,-0.173490,0.053882,-0.000679
0.437500,0.387500,-0.178149,0.039078,-0.000592
0.462500,0.387500,-0.181272,0.023698,-0.000503
0.487500,0.387500,-0.182836,0.007974,-0.000413
0.512500,0.387500,-0.182832,-0.007864,-0.000321
0.537500,0.387500,-0.181257,-0.023587,-0.000230
0.562500,0.387500,-0.178124,-0.038967,-0.000141
0.587500,0.387500,-0.173456,-0.053769,-0.000055
0.612500,0.387500,-0.167289,-0.067755,0.000027
0.637500,0.387500,-0.159677,-0.080678,0.000104
0.662500,0.387500,-0.150694,-0.092285,0.000174
0.687500,0.387500,-0.140437,-0.102316,0.000236
0.712500,0.387500,-0.129032,-0.110508,0.000289
0.737500,0.387500,-0.116638,-0.116600,0.000332
0.762500,0.387500,-0.103449,-0.120339,0.000363
0.787500,0.387500,-0.089704,-0.121488,0.000381
0.812500,0.387500,-0.075680,-0.119840,0.000385
0.837500,0.387500,-0.061701,-0.115226,0.000374
0.862500,0.387500,-0.048135,-0.107531,0.000346
0.887500,0.387500,-0.035386,-0.096705,0.000301
0.912500,0.387500,-0.023895,-0.082780,0.000238
0.937500,0.387500,-0.014129,-0.065876,0.000157
0.962500,0.387500,-0.006569,-0.046213,0.000057
0.987500,0.387500,-0.001701,-0.024114,-0.000061
0.012500,0.412500,-0.001873,0.027314,-0.000758
0.037500,0.412500,-0.007183,0.052562,-0.000884
0.062500,0.412500,-0.015352,0.074841,-0.000989
0.087500,0.412500,-0.025842,0.093827,-0.001074
0.112500,0.412500,-0.038120,0.109315,-0.001139
0.137500,0.412500,-0.051672,0.121213,-0.001184
0.162500,0.412500,-0.066020,0.129525,-0.001210
0.187500,0.412500,-0.080724,0.134346,-0.001218
0.212500,0.412500,-0.095397,0.135840,-0.001209
0.237500,0.412500,-0.109700,0.134225,-0.001185
0.262500,0.412500,-0.123350,0.129758,-0.001148
0.287500,0.412500,-0.136110,0.122722,-0.001098
0.312500,0.412500,-0.147793,0.113412,-0.001037
0.337500,0.412500,-0.158251,0.102127,-0.000966
0.362500,0.412500,-0.167369,0.089161,-0.000887
0.387500,0.412500,-0.175065,0.074801,-0.000801
0.412500,0.412500,-0.181279,0.059322,-0.000710
0.437500,0.412500,-0.185968,0.042987,-0.000615
0.462500,0.412500,-0.189106,0.026051,-0.000517
0.487500,0.412500,-0.190676,0.008757,-0.000417
0.512500,0.412500,-0.190670,-0.008656,-0.000317
0.537500,0.412500,-0.189088,-0.025950,-0.000217
0.562500,0.412500,-0.185938,-0.042886,-0.000119
0.587500,0.412500,-0.181236,-0.059219,-0.000023
0.612500,0.412500,-0.175010,-0.074697,0.000067
0.637500,0.412500,-0.167301,-0.089056,0.000153
0.662500,0.412500,-0.158168,-0.102021,0.000232
0.687500,0.412500,-0.147697,-0.113307,0.000302
0.712500,0.412500,-0.135999,-0.122618,0.000363
0.737500,0.412500,-0.123224,-0.129658,0.000413
0.762500,0.412500,-0.109560,-0.134131,0.000451
0.787500,0.412500,-0.095244,-0.135756,0.000474
0.812500,0.412500,-0.080560,-0.134278,0.000483
0.837500,0.412500,-0.065847,-0.129478,0.000474
0.862500,0.412500,-0.051496,-0.121195,0.000448
0.887500,0.412500,-0.037947,-0.109338,0.000402
0.912500,0.412500,-0.025681,-0.093902,0.000337
0.937500,0.412500,-0.015215,-0.074984,0.000251
0.962500,0.412500,-0.007086,-0.052792,0.000145
0.987500,0.412500,-0.001837,-0.027651,0.000018
0.012500,0.437500,-0.002022,0.031211,-0.000858
0.037500,0.437500,-0.007742,0.059699,-0.000993
0.062500,0.437500,-0.016513,0.084647,-0.001105
0.087500,0.437500,-0.027731,0.105730,-0.001194
0.112500,0.437500,-0.040800,0.122760,-0.001260
0.137500,0.437500,-0.055153,0.135675,-0.001305
0.162500,0.437500,-0.070264,0.144523,-0.001328
0.187500,0.437500,-0.085660,0.149451,-0.001332
0.212500,0.437500,-0.100929,0.150679,-0.001318
0.237500,0.437500,-0.115721,0.148484,-0.001287
0.262500,0.437500,-0.129749,0.143179,-0.001242
0.287500,0.437500,-0.142784,0.135098,-0.001183
0.312500,0.437500,-0.154648,0.124584,-0.001113
0.337500,0.437500,-0.165208,0.111974,-0.001032
0.362500,0.437500,-0.174370,0.097596,-0.000943
0.387500,0.437500,-0.182069,0.081762,-0.000848
0.412500,0.437500,-0.188260,0.064768,-0.000747
0.437500,0.437500,-0.192918,0.046891,-0.000641
0.462500,0.437500,-0.196028,0.028396,-0.000533
0.487500,0.437500,-0.197581,0.009536,-0.000422
0.512500,0.437500,-0.197574,-0.009446,-0.000312
0.537500,0.437500,-0.196008,-0.028307,-0.000201
0.562500,0.437500,-0.192884,-0.046801,-0.000093
0.587500,0.437500,-0.188211,-0.064677,0.000012
0.612500,0.437500,-0.182005,-0.081670,0.000114
0.637500,0.437500,-0.174292,-0.097504,0.000209
0.662500,0.437500,-0.165114,-0.111882,0.000298
0.687500,0.437500,-0.154538,-0.124492,0.000378
0.712500,0.437500,-0.142658,-0.135008,0.000448
0.737500,0.437500,-0.129607,-0.143092,0.000507
0.762500,0.437500,-0.115563,-0.148403,0.000552
0.787500,0.437500,-0.100756,-0.150606,0.000583
0.812500,0.437500,-0.085475,-0.149391,0.000597
0.837500,0.437500,-0.070071,-0.144481,0.000592
0.862500,0.437500,-0.054957,-0.135656,0.000568
0.887500,0.437500,-0.040608,-0.122774,0.000523
0.912500,0.437500,-0.027553,-0.105785,0.000456
0.937500,0.437500,-0.016362,-0.084755,0.000367
0.962500,0.437500,-0.007636,-0.059874,0.000254
0.987500,0.437500,-0.001982,-0.031470,0.000118
0.012500,0.462500,-0.002181,0.035416,-0.000981
0.037500,0.462500,-0.008337,0.067373,-0.001125
0.062500,0.462500,-0.017740,0.095149,-0.001244
0.087500,0.462500,-0.029712,0.118419,-0.001337
0.112500,0.462500,-0.043586,0.137016,-0.001404
0.137500,0.462500,-0.058730,0.150918,-0.001447
0.162500,0.462500,-0.074571,0.160232,-0.001467
0.187500,0.462500,-0.090598,0.165167,-0.001465
0.212500,0.462500,-0.106378,0.166014,-0.001444
0.237500,0.462500,-0.121553,0.163118,-0.001404
0.262500,0.462500,-0.135837,0.156859,-0.001349
0.287500,0.462500,-0.149013,0.147630,-0.001280
0.312500,0.462500,-0.160920,0.135825,-0.001198
0.337500,0.462500,-0.171449,0.121824,-0.001107
0.362500,0.462500,-0.180528,0.105988,-0.001007
0.387500,0.462500,-0.188114,0.088656,-0.000900
0.412500,0.462500,-0.194187,0.070140,-0.000787
0.437500,0.462500,-0.198739,0.050731,-0.000670
0.462500,0.462500,-0.201769,0.030698,-0.000550
0.487500,0.462500,-0.203280,0.010299,-0.000428
0.512500,0.462500,-0.203272,-0.010222,-0.000306
0.537500,0.462500,-0.201747,-0.030621,-0.000184
0.562500,0.462500,-0.198701,-0.050653,-0.000064
0.587500,0.462500,-0.194134,-0.070062,0.000053
0.612500,0.462500,-0.188044,-0.088578,0.000165
0.637500,0.462500,-0.180442,-0.105911,0.000272
0.662500,0.462500,-0.171346,-0.121746,0.000372
0.687500,0.462500,-0.160800,-0.135748,0.000464
0.712500,0.462500,-0.148875,-0.147555,0.000545
0.737500,0.462500,-0.135682,-0.156787,0.000614
0.762500,0.462500,-0.121382,-0.163051,0.000669
0.787500,0.462500,-0.106192,-0.165953,0.000708
0.812500,0.462500,-0.090399,-0.165116,0.000729
0.837500,0.462500,-0.074363,-0.160194,0.000731
0.862500,0.462500,-0.058519,-0.150898,0.000710
0.887500,0.462500,-0.043379,-0.137019,0.000667
0.912500,0.462500,-0.029521,-0.118451,0.000598
0.937500,0.462500,-0.017579,-0.095219,0.000505
0.962500,0.462500,-0.008224,-0.067490,0.000385
0.987500,0.462500,-0.002139,-0.035591,0.000240
0.012500,0.487500,-0.002351,0.039950,-0.001128
0.037500,0.487500,-0.008973,0.075619,-0.001283
0.062500,0.487500,-0.019045,0.106381,-0.001408
0.087500,0.487500,-0.031798,0.131914,-0.001504
0.112500,0.487500,-0.046484,0.152082,-0.001572
0.137500,0.487500,-0.062402,0.166917,-0.001612
0.162500,0.487500,-0.078921,0.176595,-0.001627
0.187500,0.487500,-0.095498,0.181409,-0.001618
0.212500,0.487500,-0.111676,0.181732,-0.001587
0.237500,0.487500,-0.127096,0.177995,-0.001537
0.262500,0.487500,-0.141479,0.170651,-0.001470
0.287500,0.487500,-0.154629,0.160164,-0.001389
0.312500,0.487500,-0.166409,0.146981,-0.001295
0.337500,0.487500,-0.176741,0.131530,-0.001190
0.362500,0.487500,-0.185581,0.114204,-0.001077
0.387500,0.487500,-0.192919,0.095366,-0.000957
0.412500,0.487500,-0.198759,0.075344,-0.000831
0.437500,0.487500,-0.203115,0.054436,-0.000701
0.462500,0.487500,-0.206004,0.032914,-0.000569
0.487500,0.487500,-0.207441,0.011032,-0.000435
0.512500,0.487500,-0.207433,-0.010969,-0.000300
0.537500,0.487500,-0.205980,-0.032851,-0.000165
0.562500,0.487500,-0.203075,-0.054373,-0.000033
0.587500,0.487500,-0.198702,-0.075281,0.000097
0.612500,0.487500,-0.192846,-0.095303,0.000222
0.637500,0.487500,-0.185491,-0.114142,0.000343
0.662500,0.487500,-0.176632,-0.131468,0.000456
0.687500,0.487500,-0.166283,-0.146921,0.000560
0.712500,0.487500,-0.154484,-0.160105,0.000654
0.737500,0.487500,-0.141317,-0.170595,0.000735
0.762500,0.487500,-0.126916,-0.177942,0.000802
0.787500,0.487500,-0.111481,-0.181685,0.000851
0.812500,0.487500,-0.095289,-0.181368,0.000882
0.837500,0.487500,-0.078704,-0.176562,0.000890
0.862500,0.487500,-0.062181,-0.166894,0.000875
0.887500,0.487500,-0.046269,-0.152073,0.000834
0.912500,0.487500,-0.031600,-0.131922,0.000766
0.937500,0.487500,-0.018878,-0.106410,0.000669
0.962500,0.487500,-0.008856,-0.075674,0.000543
0.987500,0.487500,-0.002308,-0.040037,0.000387
0.012500,0.512500,-0.002536,0.044840,-0.001305
0.037500,0.512500,-0.009659,0.084476,-0.001470
0.062500,0.512500,-0.020439,0.118379,-0.001602
0.087500,0.512500,-0.034003,0.146235,-0.001701
0.112500,0.512500,-0.049503,0.167949,-0.001767
0.137500,0.512500,-0.066162,0.183627,-0.001803
0.162500,0.512500,-0.083288,0.193533,-0.001811
0.187500,0.512500,-0.100301,0.198061,-0.001792
0.212500,0.512500,-0.116730,0.197690,-0.001749
0.237500,0.512500,-0.132217,0.192945,-0.001687
0.262500,0.512500,-0.146503,0.184373,-0.001606
0.287500,0.512500,-0.159419,0.172509,-0.001510
0.312500,0.512500,-0.170865,0.157865,-0.001401
0.337500,0.512500,-0.180799,0.140913,-0.001282
0.362500,0.512500,-0.189218,0.122082,-0.001154
0.387500,0.512500,-0.196145,0.101754,-0.001020
0.412500,0.512500,-0.201615,0.080268,-0.000880
0.437500,0.512500,-0.205671,0.057925,-0.000736
0.462500,0.512500,-0.208349,0.034994,-0.000590
0.487500,0.512500,-0.209677,0.011718,-0.000441
0.512500,0.512500,-0.209669,-0.011670,-0.000293
0.537500,0.512500,-0.208325,-0.034945,-0.000145
0.562500,0.512500,-0.205630,-0.057877,0.000002
0.587500,0.512500,-0.201558,-0.080221,0.000145
0.612500,0.512500,-0.196069,-0.101707,0.000285
0.637500,0.512500,-0.189125,-0.122035,0.000420
0.662500,0.512500,-0.180689,-0.140868,0.000547
0.687500,0.512500,-0.170736,-0.157821,0.000667
0.712500,0.512500,-0.159272,-0.172467,0.000775
0.737500,0.512500,-0.146338,-0.184333,0.000871
0.762500,0.512500,-0.132034,-0.192908,0.000951
0.787500,0.512500,-0.116532,-0.197655,0.001014
0.812500,0.512500,-0.100089,-0.198030,0.001055
0.837500,0.512500,-0.083068,-0.193505,0.001074
0.862500,0.512500,-0.065939,-0.183602,0.001066
0.887500,0.512500,-0.049286,-0.167929,0.001030
0.912500,0.512500,-0.033802,-0.146218,0.000962
0.937500,0.512500,-0.020270,-0.118367,0.000863
0.962500,0.512500,-0.009540,-0.084468,0.000730
0.987500,0.512500,-0.002492,-0.044837,0.000563
0.012500,0.537500,-0.002739,0.050117,-0.001514
0.037500,0.537500,-0.010404,0.093990,-0.001691
0.062500,0.537500,-0.021940,0.131183,-0.001829
0.087500,0.537500,-0.036341,0.161398,-0.001930
0.112500,0.537500,-0.052652,0.184599,-0.001994
0.137500,0.537500,-0.069999,0.200984,-0.002023
0.162500,0.537500,-0.087631,0.210936,-0.002020
0.187500,0.537500,-0.104930,0.214972,-0.001989
0.212500,0.537500,-0.121418,0.213698,-0.001933
0.237500,0.537500,-0.136748,0.207756,-0.001854
0.262500,0.537500,-0.150693,0.197794,-0.001757
0.287500,0.537500,-0.163121,0.184433,-0.001644
0.312500,0.537500,-0.173983,0.168250,-0.001519
0.337500,0.537500,-0.183281,0.149763,-0.001383
0.362500,0.537500,-0.191062,0.129432,-0.001239
0.387500,0.537500,-0.197388,0.107658,-0.001088
0.412500,0.537500,-0.202334,0.084783,-0.000932
0.437500,0.537500,-0.205970,0.061104,-0.000773
0.462500,0.537500,-0.208355,0.036880,-0.000612
0.487500,0.537500,-0.209533,0.012339,-0.000449
0.512500,0.537500,-0.209525,-0.012305,-0.000286
0.537500,0.537500,-0.208331,-0.036846,-0.000123
0.562500,0.537500,-0.205929,-0.061071,0.000039
0.587500,0.537500,-0.202276,-0.084750,0.000198
0.612500,0.537500,-0.197314,-0.107626,0.000353
0.637500,0.537500,-0.190970,-0.129402,0.000504
0.662500,0.537500,-0.183172,-0.149734,0.000648
0.687500,0.537500,-0.173855,-0.168222,0.000784
0.712500,0.537500,-0.162976,-0.184408,0.000909
0.737500,0.537500,-0.150529,-0.197770,0.001022
0.762500,0.537500,-0.136568,-0.207733,0.001118
0.787500,0.537500,-0.121223,-0.213676,0.001197
0.812500,0.537500,-0.104722,-0.214950,0.001253
0.837500,0.537500,-0.087414,-0.210912,0.001284
0.862500,0.537500,-0.069779,-0.200958,0.001286
0.887500,0.537500,-0.052437,-0.184567,0.001256
0.912500,0.537500,-0.036143,-0.161356,0.001191
0.937500,0.537500,-0.021773,-0.131129,0.001090
0.962500,0.537500,-0.010287,-0.093919,0.000950
0.987500,0.537500,-0.002695,-0.050024,0.000772
0.012500,0.562500,-0.002963,0.055820,-0.001761
0.037500,0.562500,-0.011223,0.104215,-0.001949
0.062500,0.562500,-0.023566,0.144838,-0.002094
0.087500,0.562500,-0.038835,0.177415,-0.002195
0.112500,0.562500,-0.055936,0.201995,-0.002254
0.137500,0.562500,-0.073896,0.218897,-0.002274
0.162500,0.562500,-0.091894,0.228654,-0.002259
0.187500,0.562500,-0.109281,0.231942,-0.002212
0.212500,0.562500,-0.125581,0.229517,-0.002138
0.237500,0.562500,-0.140474,0.222161,-0.002040
0.262500,0.562500,-0.153775,0.210637,-0.001924
0.287500,0.562500,-0.165411,0.195657,-0.001791
0.312500,0.562500,-0.175390,0.177867,-0.001646
0.337500,0.562500,-0.183775,0.157832,-0.001492
0.362500,0.562500,-0.190667,0.136037,-0.001329
0.387500,0.562500,-0.196177,0.112892,-0.001161
0.412500,0.562500,-0.200422,0.088740,-0.000988
0.437500,0.562500,-0.203504,0.063866,-0.000813
0.462500,0.562500,-0.205506,0.038508,-0.000635
0.487500,0.562500,-0.206488,0.012873,-0.000457
0.512500,0.562500,-0.206480,-0.012853,-0.000278
0.537500,0.562500,-0.205483,-0.038488,-0.000099
0.562500,0.562500,-0.203464,-0.063847,0.000078
0.587500,0.562500,-0.200367,-0.088723,0.000254
0.612500,0.562500,-0.196106,-0.112876,0.000426
0.637500,0.562500,-0.190579,-0.136022,0.000594
0.662500,0.562500,-0.183670,-0.157819,0.000757
0.687500,0.562500,-0.175268,-0.177856,0.000911
0.712500,0.562500,-0.165272,-0.195648,0.001056
0.737500,0.562500,-0.153619,-0.210628,0.001188
0.762500,0.562500,-0.140302,-0.222153,0.001305
0.787500,0.562500,-0.125395,-0.229508,0.001402
0.812500,0.562500,-0.109083,-0.231929,0.001476
0.837500,0.562500,-0.091686,-0.228636,0.001522
0.862500,0.562500,-0.073685,-0.218869,0.001537
0.887500,0.562500,-0.055730,-0.201951,0.001517
0.912500,0.562500,-0.038644,-0.177350,0.001457
0.937500,0.562500,-0.023405,-0.144744,0.001355
0.962500,0.562500,-0.011110,-0.104083,0.001209
0.987500,0.562500,-0.002921,-0.055639,0.001019
0.012500,0.587500,-0.003214,0.061999,-0.002051
0.037500,0.587500,-0.012132,0.115218,-0.002253
0.062500,0.587500,-0.025345,0.159392,-0.002403
0.087500,0.587500,-0.041505,0.194292,-0.002503
0.112500,0.587500,-0.059362,0.220078,-0.002554
0.137500,0.587500,-0.077822,0.237236,-0.002561
0.162500,0.587500,-0.095997,0.246490,-0.002529
0.187500,0.587500,-0.113214,0.248713,-0.002462
0.212500,0.587500,-0.129012,0.244846,-0.002366
0.237500,0.587500,-0.143118,0.235832,-0.002246
0.262500,0.587500,-0.155411,0.222562,-0.002106
0.287500,0.587500,-0.165890,0.205849,-0.001951
0.312500,0.587500,-0.174639,0.186404,-0.001784
0.337500,0.587500,-0.181792,0.164835,-0.001608
0.362500,0.587500,-0.187511,0.141646,-0.001426
0.387500,0.587500,-0.191966,0.117250,-0.001238
0.412500,0.587500,-0.195315,0.091977,-0.001048
0.437500,0.587500,-0.197695,0.066092,-0.000855
0.462500,0.587500,-0.199216,0.039807,-0.000660
0.487500,0.587500,-0.199954,0.013295,-0.000465
0.512500,0.587500,-0.199947,-0.013289,-0.000270
0.537500,0.587500,-0.199195,-0.039801,-0.000074
0.562500,0.587500,-0.197658,-0.066087,0.000120
0.587500,0.587500,-0.195263,-0.091974,0.000313
0.612500,0.587500,-0.191900,-0.117248,0.000504
0.637500,0.587500,-0.187429,-0.141646,0.000691
0.662500,0.587500,-0.181694,-0.164836,0.000873
0.687500,0.587500,-0.174526,-0.186408,0.001049
0.712500,0.587500,-0.165762,-0.205854,0.001216
0.737500,0.587500,-0.155267,-0.222568,0.001371
0.762500,0.587500,-0.142959,-0.235836,0.001510
0.787500,0.587500,-0.128840,-0.244848,0.001630
0.812500,0.587500,-0.113030,-0.248709,0.001726
0.837500,0.587500,-0.095805,-0.246476,0.001792
0.862500,0.587500,-0.077627,-0.237206,0.001824
0.887500,0.587500,-0.059171,-0.220024,0.001816
0.912500,0.587500,-0.041328,-0.194204,0.001764
0.937500,0.587500,-0.025194,-0.159260,0.001664
0.962500,0.587500,-0.012026,-0.115028,0.001513
0.987500,0.587500,-0.003174,-0.061734,0.001310
0.012500,0.612500,-0.003500,0.068714,-0.002392
0.037500,0.612500,-0.013154,0.127079,-0.002607
0.062500,0.612500,-0.027309,0.174901,-0.002763
0.087500,0.612500,-0.044383,0.212020,-0.002858
0.112500,0.612500,-0.062932,0.238757,-0.002898
0.137500,0.612500,-0.081732,0.255819,-0.002888
0.162500,0.612500,-0.099828,0.264178,-0.002833
0.187500,0.612500,-0.116537,0.264953,-0.002741
0.212500,0.612500,-0.131439,0.259307,-0.002618
0.237500,0.612500,-0.144329,0.248367,-0.002470
0.262500,0.612500,-0.155175,0.233167,-0.002304
0.287500,0.612500,-0.164071,0.214621,-0.002122
0.312500,0.612500,-0.171191,0.193502,-0.001931
0.337500,0.612500,-0.176752,0.170453,-0.001731
0.362500,0.612500,-0.180988,0.145986,-0.001527
0.387500,0.612500,-0.184126,0.120504,-0.001319
0.412500,0.612500,-0.186370,0.094318,-0.001109
0.437500,0.612500,-0.187894,0.067658,-0.000898
0.462500,0.612500,-0.188832,0.040702,-0.000686
0.487500,0.612500,-0.189274,0.013582,-0.000473
0.512500,0.612500,-0.189268,-0.013588,-0.000261
0.537500,0.612500,-0.188812,-0.040708,-0.000049
0.562500,0.612500,-0.187861,-0.067665,0.000163
0.587500,0.612500,-0.186324,-0.094326,0.000374
0.612500,0.612500,-0.184066,-0.120515,0.000584
0.637500,0.612500,-0.180915,-0.145998,0.000792
0.662500,0.612500,-0.176665,-0.170467,0.000996
0.687500,0.612500,-0.171090,-0.193519,0.001196
0.712500,0.612500,-0.163957,-0.214638,0.001387
0.737500,0.612500,-0.155047,-0.233186,0.001568
0.762500,0.612500,-0.144188,-0.248384,0.001735
0.787500,0.612500,-0.131287,-0.259320,0.001882
0.812500,0.612500,-0.116375,-0.264957,0.002005
0.837500,0.612500,-0.099657,-0.264169,0.002097
0.862500,0.612500,-0.081559,-0.255788,0.002151
0.887500,0.612500,-0.062761,-0.238695,0.002161
0.912500,0.612500,-0.044223,-0.211913,0.002120
0.937500,0.612500,-0.027172,-0.174734,0.002024
0.962500,0.612500,-0.013057,-0.126835,0.001868
0.987500,0.612500,-0.003463,-0.068371,0.001651
0.012500,0.637500,-0.003830,0.076045,-0.002792
0.037500,0.637500,-0.014320,0.139895,-0.003023
0.062500,0.637500,-0.029501,0.191421,-0.003182
0.087500,0.637500,-0.047498,0.230572,-0.003270
0.112500,0.637500,-0.066638,0.257896,-0.003293
0.137500,0.637500,-0.085552,0.274397,-0.003258
0.162500,0.637500,-0.103224,0.281370,-0.003175
0.187500,0.637500,-0.118991,0.280240,-0.003051
0.212500,0.637500,-0.132500,0.272433,-0.002895
0.237500,0.637500,-0.143653,0.259285,-0.002714
0.262500,0.637500,-0.152535,0.241980,-0.002516
0.287500,0.637500,-0.159358,0.221529,-0.002305
0.312500,0.637500,-0.164402,0.198760,-0.002085
0.337500,0.637500,-0.167979,0.174335,-0.001860
0.362500,0.637500,-0.170398,0.148760,-0.001631
0.387500,0.637500,-0.171945,0.122416,-0.001402
0.412500,0.637500,-0.172871,0.095577,-0.001171
0.437500,0.637500,-0.173380,0.068434,-0.000941
0.462500,0.637500,-0.173631,0.041115,-0.000712
0.487500,0.637500,-0.173727,0.013709,-0.000482
0.512500,0.637500,-0.173721,-0.013725,-0.000253
0.537500,0.637500,-0.173614,-0.041132,-0.000023
0.562500,0.637500,-0.173352,-0.068452,0.000207
0.587500,0.637500,-0.172831,-0.095597,0.000437
0.612500,0.637500,-0.171894,-0.122438,0.000667
0.637500,0.637500,-0.170335,-0.148784,0.000897
0.662500,0.637500,-0.167905,-0.174360,0.001125
0.687500,0.637500,-0.164317,-0.198788,0.001350
0.712500,0.637500,-0.159261,-0.221557,0.001570
0.737500,0.637500,-0.152427,-0.242008,0.001781
0.762500,0.637500,-0.143535,-0.259311,0.001979
0.787500,0.637500,-0.132372,-0.272454,0.002159
0.812500,0.637500,-0.118854,-0.280251,0.002315
0.837500,0.637500,-0.103081,-0.281364,0.002439
0.862500,0.637500,-0.085405,-0.274365,0.002522
0.887500,0.637500,-0.066492,-0.257826,0.002556
0.912500,0.637500,-0.047361,-0.230449,0.002532
0.937500,0.637500,-0.029383,-0.191225,0.002443
0.962500,0.637500,-0.014235,-0.139604,0.002284
0.987500,0.637500,-0.003798,-0.075632,0.002052
0.012500,0.662500,-0.004219,0.084096,-0.003264
0.037500,0.662500,-0.015671,0.153789,-0.003512
0.062500,0.662500,-0.031975,0.209014,-0.003671
0.087500,0.662500,-0.050886,0.249889,-0.003746
0.112500,0.662500,-0.070455,0.277289,-0.003745
0.137500,0.662500,-0.089159,0.292623,-0.003678
0.162500,0.662500,-0.105947,0.297605,-0.003557
0.187500,0.662500,-0.120211,0.294036,-0.003393
0.212500,0.662500,-0.131714,0.283652,-0.003196
0.237500,0.662500,-0.140505,0.268012,-0.002976
0.262500,0.662500,-0.146824,0.248455,-0.002741
0.287500,0.662500,-0.151023,0.226077,-0.002495
0.312500,0.662500,-0.153507,0.201742,-0.002244
0.337500,0.662500,-0.154685,0.176110,-0.001991
0.362500,0.662500,-0.154944,0.149664,-0.001737
0.387500,0.662500,-0.154627,0.122744,-0.001485
0.412500,0.662500,-0.154024,0.095574,-0.001234
0.437500,0.662500,-0.153368,0.068293,-0.000985
0.462500,0.662500,-0.152833,0.040974,-0.000737
0.487500,0.662500,-0.152535,0.013649,-0.000491
0.512500,0.662500,-0.152530,-0.013674,-0.000244
0.537500,0.662500,-0.152820,-0.040999,0.000003
0.562500,0.662500,-0.153345,-0.068319,0.000250
0.587500,0.662500,-0.153991,-0.095602,0.000499
0.612500,0.662500,-0.154585,-0.122774,0.000750
0.637500,0.662500,-0.154893,-0.149696,0.001003
0.662500,0.662500,-0.154625,-0.176144,0.001256
0.687500,0.662500,-0.153438,-0.201778,0.001509
0.712500,0.662500,-0.150946,-0.226113,0.001760
0.737500,0.662500,-0.146739,-0.248491,0.002006
0.762500,0.662500,-0.140413,-0.268046,0.002241
0.787500,0.662500,-0.131615,-0.283679,0.002461
0.812500,0.662500,-0.120105,-0.294053,0.002657
0.837500,0.662500,-0.105837,-0.297603,0.002821
0.862500,0.662500,-0.089045,-0.292592,0.002942
0.887500,0.662500,-0.070341,-0.277215,0.003009
0.912500,0.662500,-0.050777,-0.249754,0.003009
0.937500,0.662500,-0.031879,-0.208794,0.002933
0.962500,0.662500,-0.015601,-0.153458,0.002773
0.987500,0.662500,-0.004192,-0.083622,0.002525
0.012500,0.687500,-0.004686,0.093003,-0.003824
0.037500,0.687500,-0.017261,0.168912,-0.004088
0.062500,0.687500,-0.034797,0.227733,-0.004244
0.087500,0.687500,-0.054575,0.269860,-0.004299
0.112500,0.687500,-0.074319,0.296634,-0.004263
0.137500,0.687500,-0.092359,0.310024,-0.004152
0.162500,0.687500,-0.107645,0.312281,-0.003982
0.187500,0.687500,-0.119688,0.305668,-0.003767
0.212500,0.687500,-0.128432,0.292269,-0.003521
0.237500,0.687500,-0.134127,0.273882,-0.003254
0.262500,0.687500,-0.137204,0.251982,-0.002976
0.287500,0.687500,-0.138181,0.227728,-0.002691
0.312500,0.687500,-0.137596,0.201991,-0.002406
0.337500,0.687500,-0.135959,0.175404,-0.002122
0.362500,0.687500,-0.133727,0.148399,-0.001842
0.387500,0.687500,-0.131291,0.121257,-0.001566
0.412500,0.687500,-0.128970,0.094139,-0.001295
0.437500,0.687500,-0.127016,0.067119,-0.001027
0.462500,0.687500,-0.125613,0.040210,-0.000762
0.487500,0.687500,-0.124880,0.013383,-0.000499
0.512500,0.687500,-0.124876,-0.013415,-0.000236
0.537500,0.687500,-0.125602,-0.040242,0.000027
0.562500,0.687500,-0.126999,-0.067153,0.000292
0.587500,0.687500,-0.128945,-0.094174,0.000560
0.612500,0.687500,-0.131259,-0.121293,0.000832
0.637500,0.687500,-0.133689,-0.148437,0.001108
0.662500,0.687500,-0.135915,-0.175443,0.001388
0.687500,0.687500,-0.137546,-0.202032,0.001671
0.712500,0.687500,-0.138126,-0.227769,0.001957
0.737500,0.687500,-0.137144,-0.252023,0.002241
0.762500,0.687500,-0.134063,-0.273919,0.002519
0.787500,0.687500,-0.128365,-0.292300,0.002786
0.812500,0.687500,-0.119617,-0.305687,0.003032
0.837500,0.687500,-0.107572,-0.312280,0.003247
0.862500,0.687500,-0.092283,-0.309993,0.003417
0.887500,0.687500,-0.074242,-0.296558,0.003527
0.912500,0.687500,-0.054499,-0.269717,0.003562
0.937500,0.687500,-0.034728,-0.227498,0.003508
0.962500,0.687500,-0.017209,-0.168550,0.003351
0.987500,0.687500,-0.004666,-0.092479,0.003085
0.012500,0.712500,-0.005258,0.102949,-0.004491
0.037500,0.712500,-0.019163,0.185449,-0.004773
0.062500,0.712500,-0.038046,0.247617,-0.004919
0.087500,0.712500,-0.058575,0.290283,-0.004941
0.112500,0.712500,-0.078100,0.315482,-0.004856
0.137500,0.712500,-0.094826,0.325943,-0.004686
0.162500,0.712500,-0.107787,0.324611,-0.004451
0.187500,0.712500,-0.116701,0.314297,-0.004173
0.212500,0.712500,-0.121778,0.297464,-0.003866
0.237500,0.712500,-0.123533,0.276138,-0.003544
0.262500,0.712500,-0.122626,0.251899,-0.003216
0.287500,0.712500,-0.119761,0.225925,-0.002889
0.312500,0.712500,-0.115607,0.199057,-0.002566
0.337500,0.712500,-0.110766,0.171862,-0.002251
0.362500,0.712500,-0.105751,0.144695,-0.001943
0.387500,0.712500,-0.100983,0.117758,-0.001644
0.412500,0.712500,-0.096796,0.091133,-0.001352
0.437500,0.712500,-0.093445,0.064823,-0.001066
0.462500,0.712500,-0.091113,0.038773,-0.000785
0.487500,0.712500,-0.089917,0.012893,-0.000506
0.512500,0.712500,-0.089915,-0.012929,-0.000229
0.537500,0.712500,-0.091106,-0.038810,0.000050
0.562500,0.712500,-0.093433,-0.064860,0.000331
0.587500,0.712500,-0.096779,-0.091172,0.000617
0.612500,0.712500,-0.100962,-0.117798,0.000909
0.637500,0.712500,-0.105726,-0.144737,0.001208
0.662500,0.712500,-0.110738,-0.171904,0.001516
0.687500,0.712500,-0.115576,-0.199101,0.001831
0.712500,0.712500,-0.119728,-0.225968,0.002154
0.737500,0.712500,-0.122592,-0.251940,0.002481
0.762500,0.712500,-0.123498,-0.276175,0.002809
0.787500,0.712500,-0.121745,-0.297494,0.003131
0.812500,0.712500,-0.116668,-0.314315,0.003438
0.837500,0.712500,-0.107755,-0.324610,0.003717
0.862500,0.712500,-0.094793,-0.325912,0.003951
0.887500,0.712500,-0.078066,-0.315406,0.004121
0.912500,0.712500,-0.058538,-0.290139,0.004206
0.937500,0.712500,-0.038009,-0.247374,0.004184
0.962500,0.712500,-0.019132,-0.185069,0.004037
0.987500,0.712500,-0.005245,-0.102390,0.003754
0.012500,0.737500,-0.005972,0.114183,-0.005294
0.037500,0.737500,-0.021474,0.203628,-0.005594
0.062500,0.737500,-0.041805,0.268656,-0.005719
0.087500,0.737500,-0.062847,0.310816,-0.005690
0.112500,0.737500,-0.081537,0.333167,-0.005535
0.137500,0.737500,-0.096030,0.339480,-0.005283
0.162500,0.737500,-0.105571,0.333577,-0.004965
0.187500,0.737500,-0.110223,0.318897,-0.004607
0.212500,0.737500,-0.110565,0.298286,-0.004227
0.237500,0.737500,-0.107445,0.273952,-0.003840
0.262500,0.737500,-0.101787,0.247521,-0.003456
0.287500,0.737500,-0.094477,0.220130,-0.003081
0.312500,0.737500,-0.086307,0.192531,-0.002719
0.337500,0.737500,-0.077944,0.165185,-0.002371
0.362500,0.737500,-0.069930,0.138343,-0.002036
0.387500,0.737500,-0.062692,0.112105,-0.001714
0.412500,0.737500,-0.056556,0.086465,-0.001403
0.437500,0.737500,-0.051761,0.061348,-0.001100
0.462500,0.737500,-0.048477,0.036633,-0.000805
0.487500,0.737500,-0.046809,0.012170,-0.000513
0.512500,0.737500,-0.046807,-0.012208,-0.000222
0.537500,0.737500,-0.048473,-0.036672,0.000070
0.562500,0.737500,-0.051755,-0.061387,0.000366
0.587500,0.737500,-0.056547,-0.086505,0.000668
0.612500,0.737500,-0.062681,-0.112146,0.000979
0.637500,0.737500,-0.069918,-0.138386,0.001301
0.662500,0.737500,-0.077931,-0.165228,0.001636
0.687500,0.737500,-0.086295,-0.192574,0.001984
0.712500,0.737500,-0.094466,-0.220171,0.002347
0.737500,0.737500,-0.101778,-0.247559,0.002721
0.762500,0.737500,-0.107440,-0.273985,0.003105
0.787500,0.737500,-0.110565,-0.298311,0.003492
0.812500,0.737500,-0.110228,-0.318911,0.003872
0.837500,0.737500,-0.105582,-0.333572,0.004231
0.862500,0.737500,-0.096044,-0.339447,0.004549
0.887500,0.737500,-0.081550,-0.333091,0.004800
0.912500,0.737500,-0.062855,-0.310675,0.004956
0.937500,0.737500,-0.041805,-0.268415,0.004985
0.962500,0.737500,-0.021468,-0.203242,0.004859
0.987500,0.737500,-0.005969,-0.113604,0.004558
0.012500,0.762500,-0.006883,0.127045,-0.006274
0.037500,0.762500,-0.024316,0.223709,-0.006588
0.062500,0.762500,-0.046144,0.290738,-0.006674
0.087500,0.762500,-0.067239,0.330872,-0.006566
0.112500,0.762500,-0.084134,0.348697,-0.006309
0.137500,0.762500,-0.095094,0.349403,-0.005947
0.162500,0.762500,-0.099782,0.337884,-0.005520
0.187500,0.762500,-0.098789,0.318250,-0.005062
0.212500,0.762500,-0.093190,0.293679,-0.004594
0.237500,0.762500,-0.084221,0.266471,-0.004133
0.262500,0.762500,-0.073077,0.238201,-0.003687
0.287500,0.762500,-0.060811,0.209877,-0.003261
0.312500,0.762500,-0.048294,0.182099,-0.002858
0.337500,0.762500,-0.036218,0.155179,-0.002477
0.362500,0.762500,-0.025114,0.129233,-0.002116
0.387500,0.762500,-0.015379,0.104244,-0.001773
0.412500,0.762500,-0.007303,0.080115,-0.001445
0.437500,0.762500,-0.001090,0.056693,-0.001129
0.462500,0.762500,0.003121,0.033794,-0.000821
0.487500,0.762500,0.005247,0.011216,-0.000518
0.512500,0.762500,0.005248,-0.011254,-0.000217
0.537500,0.762500,0.003122,-0.033833,0.000086
0.562500,0.762500,-0.001089,-0.056732,0.000394
0.587500,0.762500,-0.007301,-0.080154,0.000710
0.612500,0.762500,-0.015378,-0.104284,0.001038
0.637500,0.762500,-0.025113,-0.129273,0.001381
0.662500,0.762500,-0.036219,-0.155220,0.001742
0.687500,0.762500,-0.048298,-0.182138,0.002123
0.712500,0.762500,-0.060819,-0.209913,0.002527
0.737500,0.762500,-0.073091,-0.238232,0.002952
0.762500,0.762500,-0.084243,-0.266496,0.003398
0.787500,0.762500,-0.093222,-0.293694,0.003860
0.812500,0.762500,-0.098832,-0.318253,0.004328
0.837500,0.762500,-0.099836,-0.337870,0.004787
0.862500,0.762500,-0.095157,-0.349365,0.005213
0.887500,0.762500,-0.084201,-0.348622,0.005575
0.912500,0.762500,-0.067300,-0.330739,0.005833
0.937500,0.762500,-0.046189,-0.290511,0.005941
0.962500,0.762500,-0.024342,-0.223335,0.005854
0.987500,0.762500,-0.006892,-0.126464,0.005539
0.012500,0.787500,-0.008064,0.142005,-0.007490
0.037500,0.787500,-0.027837,0.245972,-0.007809
0.062500,0.787500,-0.051068,0.313540,-0.007823
0.087500,0.787500,-0.071366,0.349464,-0.007592
0.112500,0.787500,-0.084974,0.360610,-0.007187
0.137500,0.787500,-0.090577,0.354054,-0.006674
0.162500,0.787500,-0.088579,0.335926,-0.006108
0.187500,0.787500,-0.080327,0.310966,-0.005526
0.212500,0.787500,-0.067508,0.282546,-0.004955
0.237500,0.787500,-0.051772,0.252901,-0.004410
0.262500,0.787500,-0.034553,0.223410,-0.003897
0.287500,0.787500,-0.017005,0.194855,-0.003419
0.312500,0.787500,-0.000014,0.167614,-0.002975
0.337500,0.787500,0.015769,0.141807,-0.002563
0.362500,0.787500,0.029877,0.117395,-0.002178
0.387500,0.787500,0.041982,0.094243,-0.001817
0.412500,0.787500,0.051865,0.072159,-0.001475
0.437500,0.787500,0.059379,0.050923,-0.001148
0.462500,0.787500,0.064432,0.030300,-0.000832
0.487500,0.787500,0.066971,0.010047,-0.000521
0.512500,0.787500,0.066971,-0.010083,-0.000213
0.537500,0.787500,0.064431,-0.030337,0.000097
0.562500,0.787500,0.059376,-0.050960,0.000414
0.587500,0.787500,0.051861,-0.072196,0.000741
0.612500,0.787500,0.041976,-0.094280,0.001082
0.637500,0.787500,0.029867,-0.117432,0.001443
0.662500,0.787500,0.015757,-0.141843,0.001828
0.687500,0.787500,-0.000031,-0.167647,0.002241
0.712500,0.787500,-0.017029,-0.194884,0.002684
0.737500,0.787500,-0.034585,-0.223432,0.003162
0.762500,0.787500,-0.051816,-0.252913,0.003676
0.787500,0.787500,-0.067565,-0.282547,0.004221
0.812500,0.787500,-0.080402,-0.310952,0.004793
0.837500,0.787500,-0.088672,-0.335895,0.005374
0.862500,0.787500,-0.090688,-0.354002,0.005941
0.887500,0.787500,-0.085097,-0.360530,0.006455
0.912500,0.787500,-0.071487,-0.349340,0.006860
0.937500,0.787500,-0.051169,-0.313337,0.007092
0.962500,0.787500,-0.027906,-0.245628,0.007077
0.987500,0.787500,-0.008090,-0.141446,0.006756
0.012500,0.812500,-0.009620,0.159715,-0.009032
0.037500,0.812500,-0.032192,0.270638,-0.009332
0.062500,0.812500,-0.056395,0.336316,-0.009216
0.087500,0.812500,-0.074352,0.364945,-0.008792
0.112500,0.812500,-0.082379,0.366767,-0.008173
0.137500,0.812500,-0.080129,0.351252,-0.007456
0.162500,0.812500,-0.069198,0.325801,-0.006710
0.187500,0.812500,-0.051936,0.295579,-0.005980
0.212500,0.812500,-0.030701,0.263881,-0.005291
0.237500,0.812500,-0.007508,0.232639,-0.004654
0.262500,0.812500,0.016077,0.202870,-0.004072
0.287500,0.812500,0.038910,0.175017,-0.003542
0.312500,0.812500,0.060195,0.149177,-0.003061
0.337500,0.812500,0.079401,0.125256,-0.002621
0.362500,0.812500,0.096188,0.103054,-0.002217
0.387500,0.812500,0.110346,0.082322,-0.001842
0.412500,0.812500,0.121754,0.062791,-0.001491
0.437500,0.812500,0.130343,0.044189,-0.001157
0.462500,0.812500,0.136081,0.026245,-0.000837
0.487500,0.812500,0.138952,0.008694,-0.000523
0.512500,0.812500,0.138950,-0.008727,-0.000212
0.537500,0.812500,0.136077,-0.026278,0.000102
0.562500,0.812500,0.130336,-0.044222,0.000423
0.587500,0.812500,0.121744,-0.062824,0.000756
0.612500,0.812500,0.110333,-0.082354,0.001107
0.637500,0.812500,0.096171,-0.103085,0.001482
0.662500,0.812500,0.079380,-0.125285,0.001886
0.687500,0.812500,0.060167,-0.149202,0.002326
0.712500,0.812500,0.038874,-0.175035,0.002808
0.737500,0.812500,0.016032,-0.202880,0.003338
0.762500,0.812500,-0.007566,-0.232636,0.003920
0.787500,0.812500,-0.030775,-0.263862,0.004558
0.812500,0.812500,-0.052032,-0.295542,0.005247
0.837500,0.812500,-0.069321,-0.325744,0.005977
0.862500,0.812500,-0.080281,-0.351175,0.006724
0.887500,0.812500,-0.082557,-0.366670,0.007442
0.912500,0.812500,-0.074542,-0.364823,0.008062
0.937500,0.812500,-0.056567,-0.336146,0.008488
0.962500,0.812500,-0.032322,-0.270350,0.008603
0.987500,0.812500,-0.009674,-0.159210,0.008297
0.012500,0.837500,-0.011686,0.181073,-0.011039
0.037500,0.837500,-0.037457,0.297685,-0.011269
0.062500,0.837500,-0.061463,0.357491,-0.010918
0.087500,0.837500,-0.074337,0.374605,-0.010186
0.112500,0.837500,-0.073326,0.364126,-0.009257
0.137500,0.837500,-0.059957,0.338276,-0.008266
0.162500,0.837500,-0.037559,0.305449,-0.007297
0.187500,0.837500,-0.009647,0.270757,-0.006394
0.212500,0.837500,0.020829,0.236993,-0.005575
0.237500,0.837500,0.051678,0.205486,-0.004844
0.262500,0.837500,0.081400,0.176717,-0.004194
0.287500,0.837500,0.109034,0.150704,-0.003618
0.312500,0.837500,0.134006,0.127235,-0.003104
0.337500,0.837500,0.155996,0.106003,-0.002643
0.362500,0.837500,0.174853,0.086666,-0.002226
0.387500,0.837500,0.190521,0.068886,-0.001844
0.412500,0.837500,0.203001,0.052342,-0.001489
0.437500,0.837500,0.212319,0.036733,-0.001154
0.462500,0.837500,0.218508,0.021777,-0.000834
0.487500,0.837500,0.221594,0.007207,-0.000522
0.512500,0.837500,0.221592,-0.007235,-0.000213
0.537500,0.837500,0.218502,-0.021805,0.000099
0.562500,0.837500,0.212310,-0.036761,0.000419
0.587500,0.837500,0.202988,-0.052369,0.000754
0.612500,0.837500,0.190503,-0.068912,0.001109
0.637500,0.837500,0.174831,-0.086691,0.001491
0.662500,0.837500,0.155969,-0.106025,0.001909
0.687500,0.837500,0.133972,-0.127252,0.002370
0.712500,0.837500,0.108993,-0.150712,0.002884
0.737500,0.837500,0.081349,-0.176714,0.003460
0.762500,0.837500,0.051615,-0.205468,0.004110
0.787500,0.837500,0.020749,-0.236954,0.004841
0.812500,0.837500,-0.009750,-0.270693,0.005660
0.837500,0.837500,-0.037694,-0.305358,0.006564
0.862500,0.837500,-0.060132,-0.338160,0.007534
0.887500,0.837500,-0.073547,-0.363992,0.008526
0.912500,0.837500,-0.074595,-0.374466,0.009458
0.937500,0.837500,-0.061723,-0.357347,0.010193
0.962500,0.837500,-0.037684,-0.297479,0.010543
0.987500,0.837500,-0.011789,-0.180672,0.010305
0.012500,0.862500,-0.014405,0.207268,-0.013743
0.037500,0.862500,-0.043377,0.326358,-0.013782
0.062500,0.862500,-0.064428,0.373897,-0.013000
0.087500,0.862500,-0.067467,0.374117,-0.011777
0.112500,0.862500,-0.052451,0.348589,-0.010403
0.137500,0.862500,-0.024062,0.312056,-0.009054
0.162500,0.862500,0.012194,0.273018,-0.007817
0.187500,0.862500,0.051764,0.235708,-0.006723
0.212500,0.862500,0.091466,0.201866,-0.005772
0.237500,0.862500,0.129306,0.171926,-0.004952
0.262500,0.862500,0.164156,0.145708,-0.004244
0.287500,0.862500,0.195449,0.122786,-0.003631
0.312500,0.862500,0.222966,0.102666,-0.003095
0.337500,0.862500,0.246684,0.084866,-0.002622
0.362500,0.862500,0.266679,0.068952,-0.002200
0.387500,0.862500,0.283075,0.054537,-0.001818
0.412500,0.862500,0.296004,0.041283,-0.001466
0.437500,0.862500,0.305584,0.028894,-0.001137
0.462500,0.862500,0.311914,0.017099,-0.000823
0.487500,0.862500,0.315061,0.005654,-0.000518
0.512500,0.862500,0.315059,-0.005677,-0.000217
0.537500,0.862500,0.311908,-0.017122,0.000088
0.562500,0.862500,0.305573,-0.028916,0.000402
0.587500,0.862500,0.295988,-0.041305,0.000731
0.612500,0.862500,0.283055,-0.054557,0.001083
0.637500,0.862500,0.266654,-0.068970,0.001466
0.662500,0.862500,0.246653,-0.084881,0.001888
0.687500,0.862500,0.222930,-0.102674,0.002361
0.712500,0.862500,0.195407,-0.122786,0.002896
0.737500,0.862500,0.164106,-0.145695,0.003510
0.762500,0.862500,0.129247,-0.171893,0.004218
0.787500,0.862500,0.091394,-0.201808,0.005038
0.812500,0.862500,0.051674,-0.235618,0.005989
0.837500,0.862500,0.012075,-0.272889,0.007084
0.862500,0.862500,-0.024225,-0.311889,0.008322
0.887500,0.862500,-0.052677,-0.348395,0.009673
0.912500,0.862500,-0.067767,-0.373924,0.011050
0.937500,0.862500,-0.064779,-0.373747,0.012278
0.962500,0.862500,-0.043747,-0.326246,0.013062
0.987500,0.862500,-0.014592,-0.207052,0.013013
0.012500,0.887500,-0.017790,0.239665,-0.017546
0.037500,0.887500,-0.048562,0.353945,-0.017102
0.062500,0.887500,-0.060602,0.379445,-0.015522
0.087500,0.887500,-0.045951,0.356967,-0.013520
0.112500,0.887500,-0.010467,0.315243,-0.011524
0.137500,0.887500,0.036705,0.269842,-0.009730
0.162500,0.887500,0.088062,0.227620,-0.008194
0.187500,0.887500,0.138770,0.190829,-0.006908
0.212500,0.887500,0.186173,0.159642,-0.005838
0.237500,0.887500,0.229038,0.133445,-0.004947
0.262500,0.887500,0.266961,0.111419,-0.004199
0.287500,0.887500,0.299968,0.092777,-0.003566
0.312500,0.887500,0.328291,0.076836,-0.003023
0.337500,0.887500,0.352238,0.063033,-0.002551
0.362500,0.887500,0.372125,0.050904,-0.002135
0.387500,0.887500,0.388241,0.040073,-0.001761
0.412500,0.887500,0.400834,0.030227,-0.001420
0.437500,0.887500,0.410105,0.021101,-0.001103
0.462500,0.887500,0.416202,0.012467,-0.000803
0.487500,0.887500,0.419225,0.004119,-0.000512
0.512500,0.887500,0.419222,-0.004135,-0.000223
0.537500,0.887500,0.416195,-0.012483,0.000068
0.562500,0.887500,0.410093,-0.021117,0.000369
0.587500,0.887500,0.400818,-0.030242,0.000686
0.612500,0.887500,0.388220,-0.040087,0.001026
0.637500,0.887500,0.372099,-0.050916,0.001400
0.662500,0.887500,0.352208,-0.063041,0.001816
0.687500,0.887500,0.328256,-0.076838,0.002289
0.712500,0.887500,0.299929,-0.092769,0.002832
0.737500,0.887500,0.266918,-0.111398,0.003465
0.762500,0.887500,0.228992,-0.133404,0.004213
0.787500,0.887500,0.186122,-0.159573,0.005104
0.812500,0.887500,0.138712,-0.190721,0.006174
0.837500,0.887500,0.087989,-0.227463,0.007461
0.862500,0.887500,0.036602,-0.269627,0.008997
0.887500,0.887500,-0.010629,-0.314972,0.010792
0.912500,0.887500,-0.046211,-0.356673,0.012791
0.937500,0.887500,-0.060982,-0.379214,0.014803
0.962500,0.887500,-0.049086,-0.353893,0.016390
0.987500,0.887500,-0.018094,-0.239736,0.016829
0.012500,0.912500,-0.021101,0.278869,-0.023188
0.037500,0.912500,-0.048001,0.372782,-0.021538
0.062500,0.912500,-0.038470,0.363184,-0.018464
0.087500,0.912500,0.005548,0.314572,-0.015255
0.112500,0.912500,0.068007,0.259699,-0.012444
0.137500,0.912500,0.135432,0.210791,-0.010148
0.162500,0.912500,0.200107,0.170640,-0.008322
0.187500,0.912500,0.258605,0.138604,-0.006877
0.212500,0.912500,0.309907,0.113165,-0.005726
0.237500,0.912500,0.354134,0.092832,-0.004798
0.262500,0.912500,0.391863,0.076382,-0.004040
0.287500,0.912500,0.423796,0.062876,-0.003411
0.312500,0.912500,0.450607,0.051604,-0.002880
0.337500,0.912500,0.472895,0.042032,-0.002424
0.362500,0.912500,0.491160,0.033755,-0.002026
0.387500,0.912500,0.505810,0.026458,-0.001672
0.412500,0.912500,0.517169,0.019892,-0.001351
0.437500,0.912500,0.525482,0.013853,-0.001054
0.462500,0.912500,0.530928,0.008173,-0.000773
0.487500,0.912500,0.533622,0.002698,-0.000502
0.512500,0.912500,0.533620,-0.002708,-0.000233
0.537500,0.912500,0.530922,-0.008183,0.000038
0.562500,0.912500,0.525471,-0.013863,0.000319
0.587500,0.912500,0.517153,-0.019901,0.000616
0.612500,0.912500,0.505790,-0.026466,0.000937
0.637500,0.912500,0.491136,-0.033761,0.001291
0.662500,0.912500,0.472867,-0.042035,0.001690
0.687500,0.912500,0.450577,-0.051601,0.002145
0.712500,0.912500,0.423763,-0.062864,0.002676
0.737500,0.912500,0.391831,-0.076358,0.003306
0.762500,0.912500,0.354104,-0.092789,0.004064
0.787500,0.912500,0.309883,-0.113095,0.004992
0.812500,0.912500,0.258590,-0.138495,0.006143
0.837500,0.912500,0.200103,-0.170477,0.007588
0.862500,0.912500,0.135437,-0.210556,0.009413
0.887500,0.912500,0.068002,-0.259376,0.011709
0.912500,0.912500,0.005489,-0.314171,0.014521
0.937500,0.912500,-0.038658,-0.362796,0.017738
0.962500,0.912500,-0.048453,-0.372701,0.020828
0.987500,0.912500,-0.021416,-0.279245,0.022514
0.012500,0.937500,-0.019997,0.319962,-0.032160
0.037500,0.937500,-0.025044,0.363631,-0.027373
0.062500,0.937500,0.029478,0.308283,-0.021536
0.087500,0.937500,0.115661,0.239273,-0.016592
0.112500,0.937500,0.206379,0.181822,-0.012846
0.137500,0.937500,0.288785,0.138838,-0.010095
0.162500,0.937500,0.359208,0.107498,-0.008068
0.187500,0.937500,0.417936,0.084522,-0.006551
0.212500,0.937500,0.466508,0.067374,-0.005389
0.237500,0.937500,0.506618,0.054286,-0.004480
0.262500,0.937500,0.539755,0.044063,-0.003752
0.287500,0.937500,0.567126,0.035893,-0.003157
0.312500,0.937500,0.589683,0.029219,-0.002661
0.337500,0.937500,0.608166,0.023649,-0.002239
0.362500,0.937500,0.623144,0.018898,-0.001874
0.387500,0.937500,0.635055,0.014756,-0.001550
0.412500,0.937500,0.644229,0.011062,-0.001258
0.437500,0.937500,0.650912,0.007688,-0.000988
0.462500,0.937500,0.655276,0.004530,-0.000734
0.487500,0.937500,0.657430,0.001495,-0.000489
0.512500,0.937500,0.657428,-0.001499,-0.000246
0.537500,0.937500,0.655270,-0.004534,-0.000001
0.562500,0.937500,0.650903,-0.007692,0.000253
0.587500,0.937500,0.644216,-0.011065,0.000523
0.612500,0.937500,0.635038,-0.014758,0.000815
0.637500,0.937500,0.623124,-0.018898,0.001139
0.662500,0.937500,0.608143,-0.023647,0.001505
0.687500,0.937500,0.589659,-0.029213,0.001927
0.712500,0.937500,0.567102,-0.035880,0.002423
0.737500,0.937500,0.539734,-0.044040,0.003018
0.762500,0.937500,0.506604,-0.054249,0.003746
0.787500,0.937500,0.466507,-0.067315,0.004655
0.812500,0.937500,0.417957,-0.084432,0.005817
0.837500,0.937500,0.359267,-0.107362,0.007333
0.862500,0.937500,0.288901,-0.138638,0.009358
0.887500,0.937500,0.206578,-0.181535,0.012107
0.912500,0.937500,0.115963,-0.238882,0.015847
0.937500,0.937500,0.029859,-0.307833,0.020783
0.962500,0.937500,-0.024476,-0.363605,0.026632
0.987500,0.937500,-0.019633,-0.320293,0.031569
0.012500,0.962500,0.006926,0.330172,-0.047744
0.037500,0.962500,0.075245,0.286471,-0.034362
0.062500,0.962500,0.205443,0.199819,-0.023725
0.087500,0.962500,0.332036,0.134764,-0.016743
0.112500,0.962500,0.434556,0.092806,-0.012273
0.137500,0.962500,0.513396,0.066248,-0.009336
0.162500,0.962500,0.573726,0.048998,-0.007322
0.187500,0.962500,0.620409,0.037333,-0.005882
0.212500,0.962500,0.657073,0.029108,-0.004811
0.237500,0.962500,0.686260,0.023083,-0.003988
0.262500,0.962500,0.709740,0.018515,-0.003337
0.287500,0.962500,0.728755,0.014948,-0.002810
0.312500,0.962500,0.744194,0.012085,-0.002372
0.337500,0.962500,0.756699,0.009729,-0.002002
0.362500,0.962500,0.766745,0.007742,-0.001681
0.387500,0.962500,0.774679,0.006026,-0.001399
0.412500,0.962500,0.780759,0.004506,-0.001144
0.437500,0.962500,0.785171,0.003126,-0.000909
0.462500,0.962500,0.788044,0.001840,-0.000687
0.487500,0.962500,0.789460,0.000607,-0.000473
0.512500,0.962500,0.789459,-0.000609,-0.000262
0.537500,0.962500,0.788040,-0.001842,-0.000048
0.562500,0.962500,0.785164,-0.003128,0.000173
0.587500,0.962500,0.780750,-0.004508,0.000408
0.612500,0.962500,0.774668,-0.006026,0.000663
0.637500,0.962500,0.766731,-0.007742,0.000946
0.662500,0.962500,0.756684,-0.009727,0.001267
0.687500,0.962500,0.744178,-0.012081,0.001637
0.712500,0.962500,0.728741,-0.014941,0.002075
0.737500,0.962500,0.709729,-0.018504,0.002602
0.762500,0.962500,0.686257,-0.023064,0.003253
0.787500,0.962500,0.657084,-0.029079,0.004076
0.812500,0.962500,0.620444,-0.037288,0.005146
0.837500,0.962500,0.573801,-0.048929,0.006586
0.862500,0.962500,0.513544,-0.066141,0.008598
0.887500,0.962500,0.434837,-0.092643,0.011532
0.912500,0.962500,0.332572,-0.134533,0.015995
0.937500,0.962500,0.206285,-0.199699,0.022917
0.962500,0.962500,0.078350,-0.286488,0.033656
0.987500,0.962500,0.009542,-0.330335,0.047153
0.012500,0.987500,0.160286,0.160286,-0.076453
0.037500,0.987500,0.432719,0.112147,-0.038219
0.062500,0.987500,0.610333,0.065466,-0.021872
0.087500,0.987500,0.714233,0.038433,-0.014161
0.112500,0.987500,0.776614,0.023948,-0.010047
0.137500,0.987500,0.816542,0.015979,-0.007580
0.162500,0.987500,0.843832,0.011310,-0.005956
0.187500,0.987500,0.863516,0.008374,-0.004810
0.212500,0.987500,0.878295,0.006405,-0.003959
0.237500,0.987500,0.889711,0.005011,-0.003304
0.262500,0.987500,0.898703,0.003980,-0.002783
0.287500,0.987500,0.905874,0.003190,-0.002359
0.312500,0.987500,0.911630,0.002565,-0.002006
0.337500,0.987500,0.916250,0.002056,-0.001706
0.362500,0.987500,0.919936,0.001630,-0.001445
0.387500,0.987500,0.922832,0.001265,-0.001214
0.412500,0.987500,0.925043,0.000944,-0.001005
0.437500,0.987500,0.926642,0.000654,-0.000813
0.462500,0.987500,0.927681,0.000385,-0.000631
0.487500,0.987500,0.928193,0.000127,-0.000455
0.512500,0.987500,0.928192,-0.000128,-0.000281
0.537500,0.987500,0.927680,-0.000386,-0.000105
0.562500,0.987500,0.926639,-0.000655,0.000077
0.587500,0.987500,0.925039,-0.000945,0.000270
0.612500,0.987500,0.922828,-0.001266,0.000479
0.637500,0.987500,0.919931,-0.001631,0.000710
0.662500,0.987500,0.916244,-0.002056,0.000970
0.687500,0.987500,0.911624,-0.002565,0.001271
0.712500,0.987500,0.905869,-0.003190,0.001624
0.737500,0.987500,0.898700,-0.003980,0.002048
0.762500,0.987500,0.889711,-0.005009,0.002569
0.787500,0.987500,0.878301,-0.006401,0.003225
0.812500,0.987500,0.863533,-0.008368,0.004075
0.837500,0.987500,0.843867,-0.011298,0.005220
0.862500,0.987500,0.816614,-0.015955,0.006844
0.887500,0.987500,0.776754,-0.023905,0.009308
0.912500,0.987500,0.714479,-0.038370,0.013416
0.937500,0.987500,0.610554,-0.065556,0.021107
0.962500,0.987500,0.432871,-0.112128,0.037486
0.987500,0.987500,0.160372,-0.160372,0.075900
