04_40_40_1000_UDS_05
RE: 1000.000000
ITERACTIONS: 1280
VARIABLES = "X", "Y", "U", "V", "P"
ZONE F=POINT, I=40, J=40
0.012500,0.012500,0.000053,-0.000054,-0.000474
0.037500,0.012500,0.000122,-0.000019,-0.000487
0.062500,0.012500,0.000077,0.000061,-0.000517
0.087500,0.012500,-0.000134,0.000147,-0.000555
0.112500,0.012500,-0.000510,0.000225,-0.000594
0.137500,0.012500,-0.001029,0.000291,-0.000630
0.162500,0.012500,-0.001665,0.000343,-0.000659
0.187500,0.012500,-0.002391,0.000380,-0.000679
0.212500,0.012500,-0.003177,0.000404,-0.000688
0.237500,0.012500,-0.003996,0.000414,-0.000685
0.262500,0.012500,-0.004824,0.000412,-0.000671
0.287500,0.012500,-0.005636,0.000399,-0.000645
0.312500,0.012500,-0.006412,0.000376,-0.000608
0.337500,0.012500,-0.007133,0.000344,-0.000560
0.362500,0.012500,-0.007781,0.000304,-0.000502
0.387500,0.012500,-0.008343,0.000258,-0.000436
0.412500,0.012500,-0.008807,0.000206,-0.000362
0.437500,0.012500,-0.009163,0.000150,-0.000283
0.462500,0.012500,-0.009404,0.000092,-0.000200
0.487500,0.012500,-0.009526,0.000031,-0.000114
0.512500,0.012500,-0.009527,-0.000030,-0.000028
0.537500,0.012500,-0.009406,-0.000090,0.000058
0.562500,0.012500,-0.009166,-0.000149,0.000141
0.587500,0.012500,-0.008811,-0.000205,0.000220
0.612500,0.012500,-0.008349,-0.000256,0.000293
0.637500,0.012500,-0.007789,-0.000302,0.000359
0.662500,0.012500,-0.007143,-0.000342,0.000417
0.687500,0.012500,-0.006426,-0.000374,0.000465
0.712500,0.012500,-0.005653,-0.000397,0.000502
0.737500,0.012500,-0.004844,-0.000410,0.000528
0.762500,0.012500,-0.004021,-0.000412,0.000542
0.787500,0.012500,-0.003205,-0.000402,0.000544
0.812500,0.012500,-0.002424,-0.000378,0.000535
0.837500,0.012500,-0.001703,-0.000341,0.000516
0.862500,0.012500,-0.001069,-0.000291,0.000487
0.887500,0.012500,-0.000551,-0.000226,0.000452
0.912500,0.012500,-0.000172,-0.000151,0.000414
0.937500,0.012500,0.000048,-0.000069,0.000377
0.962500,0.012500,0.000109,0.000008,0.000347
0.987500,0.012500,0.000051,0.000051,0.000331
0.012500,0.037500,0.000019,-0.000129,-0.000459
0.037500,0.037500,-0.000067,0.000065,-0.000474
0.062500,0.037500,-0.000452,0.000401,-0.000499
0.087500,0.037500,-0.001205,0.000763,-0.000529
0.112500,0.037500,-0.002327,0.001100,-0.000561
0.137500,0.037500,-0.003784,0.001387,-0.000589
0.162500,0.037500,-0.005523,0.001616,-0.000612
0.187500,0.037500,-0.007479,0.001783,-0.000628
0.212500,0.037500,-0.009586,0.001888,-0.000634
0.237500,0.037500,-0.011776,0.001934,-0.000631
0.262500,0.037500,-0.013985,0.001924,-0.000617
0.287500,0.037500,-0.016152,0.001863,-0.000592
0.312500,0.037500,-0.018222,0.001755,-0.000558
0.337500,0.037500,-0.020145,0.001606,-0.000514
0.362500,0.037500,-0.021877,0.001420,-0.000462
0.387500,0.037500,-0.023378,0.001204,-0.000401
0.412500,0.037500,-0.024618,0.000963,-0.000335
0.437500,0.037500,-0.025571,0.000703,-0.000263
0.462500,0.037500,-0.026217,0.000428,-0.000188
0.487500,0.037500,-0.026544,0.000146,-0.000110
0.512500,0.037500,-0.026546,-0.000140,-0.000032
0.537500,0.037500,-0.026222,-0.000422,0.000046
0.562500,0.037500,-0.025580,-0.000697,0.000121
0.587500,0.037500,-0.024632,-0.000957,0.000193
0.612500,0.037500,-0.023397,-0.001198,0.000259
0.637500,0.037500,-0.021901,-0.001413,0.000319
0.662500,0.037500,-0.020176,-0.001598,0.000371
0.687500,0.037500,-0.018260,-0.001747,0.000415
0.712500,0.037500,-0.016198,-0.001855,0.000449
0.737500,0.037500,-0.014039,-0.001916,0.000474
0.762500,0.037500,-0.011840,-0.001925,0.000488
0.787500,0.037500,-0.009660,-0.001880,0.000491
0.812500,0.037500,-0.007564,-0.001775,0.000485
0.837500,0.037500,-0.005616,-0.001610,0.000470
0.862500,0.037500,-0.003883,-0.001385,0.000447
0.887500,0.037500,-0.002427,-0.001104,0.000419
0.912500,0.037500,-0.001299,-0.000777,0.000388
0.937500,0.037500,-0.000532,-0.000428,0.000358
0.962500,0.037500,-0.000121,-0.000103,0.000334
0.987500,0.037500,-0.000001,0.000101,0.000319
0.012500,0.062500,-0.000081,-0.000070,-0.000431
0.037500,0.062500,-0.000460,0.000464,-0.000450
0.062500,0.062500,-0.001312,0.001232,-0.000475
0.087500,0.062500,-0.002683,0.002048,-0.000503
0.112500,0.062500,-0.004565,0.002812,-0.000530
0.137500,0.062500,-0.006911,0.003472,-0.000555
0.162500,0.062500,-0.009650,0.004002,-0.000574
0.187500,0.062500,-0.012693,0.004391,-0.000586
0.212500,0.062500,-0.015947,0.004636,-0.000591
0.237500,0.062500,-0.019316,0.004741,-0.000587
0.262500,0.062500,-0.022705,0.004713,-0.000573
0.287500,0.062500,-0.026026,0.004561,-0.000550
0.312500,0.062500,-0.029195,0.004296,-0.000518
0.337500,0.062500,-0.032138,0.003930,-0.000477
0.362500,0.062500,-0.034786,0.003476,-0.000429
0.387500,0.062500,-0.037083,0.002947,-0.000374
0.412500,0.062500,-0.038979,0.002357,-0.000313
0.437500,0.062500,-0.040436,0.001720,-0.000247
0.462500,0.062500,-0.041425,0.001048,-0.000178
0.487500,0.062500,-0.041926,0.000356,-0.000107
0.512500,0.062500,-0.041929,-0.000343,-0.000035
0.537500,0.062500,-0.041434,-0.001034,0.000036
0.562500,0.062500,-0.040451,-0.001706,0.000105
0.587500,0.062500,-0.039001,-0.002342,0.000171
0.612500,0.062500,-0.037112,-0.002932,0.000231
0.637500,0.062500,-0.034824,-0.003459,0.000287
0.662500,0.062500,-0.032185,-0.003912,0.000335
0.687500,0.062500,-0.029253,-0.004277,0.000375
0.712500,0.062500,-0.026095,-0.004541,0.000407
0.737500,0.062500,-0.022787,-0.004692,0.000430
0.762500,0.062500,-0.019411,-0.004720,0.000444
0.787500,0.062500,-0.016055,-0.004616,0.000448
0.812500,0.062500,-0.012814,-0.004373,0.000444
0.837500,0.062500,-0.009781,-0.003989,0.000432
0.862500,0.062500,-0.007050,-0.003467,0.000413
0.887500,0.062500,-0.004706,-0.002820,0.000389
0.912500,0.062500,-0.002818,-0.002074,0.000362
0.937500,0.062500,-0.001432,-0.001283,0.000335
0.962500,0.062500,-0.000549,-0.000540,0.000311
0.987500,0.062500,-0.000116,-0.000015,0.000293
0.012500,0.087500,-0.000208,0.000215,-0.000395
0.037500,0.087500,-0.000940,0.001283,-0.000421
0.062500,0.087500,-0.002315,0.002634,-0.000448
0.087500,0.087500,-0.004342,0.004037,-0.000476
0.112500,0.087500,-0.006991,0.005348,-0.000502
0.137500,0.087500,-0.010198,0.006484,-0.000525
0.162500,0.087500,-0.013872,0.007399,-0.000542
0.187500,0.087500,-0.017909,0.008070,-0.000553
0.212500,0.087500,-0.022194,0.008491,-0.000556
0.237500,0.087500,-0.026607,0.008665,-0.000552
0.262500,0.087500,-0.031033,0.008602,-0.000538
0.287500,0.087500,-0.035359,0.008317,-0.000516
0.312500,0.087500,-0.039482,0.007830,-0.000486
0.337500,0.087500,-0.043305,0.007160,-0.000448
0.362500,0.087500,-0.046744,0.006332,-0.000403
0.387500,0.087500,-0.049724,0.005368,-0.000352
0.412500,0.087500,-0.052184,0.004294,-0.000295
0.437500,0.087500,-0.054074,0.003132,-0.000234
0.462500,0.087500,-0.055356,0.001909,-0.000170
0.487500,0.087500,-0.056005,0.000648,-0.000104
0.512500,0.087500,-0.056009,-0.000625,-0.000038
0.537500,0.087500,-0.055368,-0.001885,0.000028
0.562500,0.087500,-0.054094,-0.003107,0.000092
0.587500,0.087500,-0.052213,-0.004268,0.000153
0.612500,0.087500,-0.049762,-0.005341,0.000210
0.637500,0.087500,-0.046792,-0.006303,0.000261
0.662500,0.087500,-0.043364,-0.007130,0.000306
0.687500,0.087500,-0.039553,-0.007797,0.000344
0.712500,0.087500,-0.035444,-0.008283,0.000374
0.737500,0.087500,-0.031132,-0.008566,0.000396
0.762500,0.087500,-0.026721,-0.008629,0.000409
0.787500,0.087500,-0.022323,-0.008457,0.000414
0.812500,0.087500,-0.018052,-0.008041,0.000411
0.837500,0.087500,-0.014027,-0.007377,0.000400
0.862500,0.087500,-0.010361,-0.006475,0.000383
0.887500,0.087500,-0.007157,-0.005358,0.000361
0.912500,0.087500,-0.004503,-0.004076,0.000335
0.937500,0.087500,-0.002458,-0.002711,0.000309
0.962500,0.087500,-0.001048,-0.001404,0.000282
0.987500,0.087500,-0.000251,-0.000382,0.000258
0.012500,0.112500,-0.000345,0.000764,-0.000357
0.037500,0.112500,-0.001447,0.002561,-0.000390
0.062500,0.112500,-0.003364,0.004642,-0.000422
0.087500,0.112500,-0.006059,0.006745,-0.000452
0.112500,0.112500,-0.009473,0.008696,-0.000478
0.137500,0.112500,-0.013518,0.010382,-0.000501
0.162500,0.112500,-0.018087,0.011739,-0.000517
0.187500,0.112500,-0.023056,0.012731,-0.000527
0.212500,0.112500,-0.028291,0.013346,-0.000530
0.237500,0.112500,-0.033656,0.013585,-0.000525
0.262500,0.112500,-0.039016,0.013464,-0.000512
0.287500,0.112500,-0.044241,0.013004,-0.000491
0.312500,0.112500,-0.049210,0.012233,-0.000463
0.337500,0.112500,-0.053811,0.011181,-0.000427
0.362500,0.112500,-0.057944,0.009884,-0.000384
0.387500,0.112500,-0.061524,0.008378,-0.000335
0.412500,0.112500,-0.064477,0.006699,-0.000282
0.437500,0.112500,-0.066744,0.004886,-0.000225
0.462500,0.112500,-0.068282,0.002977,-0.000164
0.487500,0.112500,-0.069060,0.001010,-0.000102
0.512500,0.112500,-0.069064,-0.000975,-0.000040
0.537500,0.112500,-0.068295,-0.002941,0.000022
0.562500,0.112500,-0.066766,-0.004849,0.000083
0.587500,0.112500,-0.064509,-0.006661,0.000140
0.612500,0.112500,-0.061566,-0.008337,0.000193
0.637500,0.112500,-0.057998,-0.009841,0.000242
0.662500,0.112500,-0.053877,-0.011136,0.000284
0.687500,0.112500,-0.049289,-0.012185,0.000320
0.712500,0.112500,-0.044334,-0.012954,0.000349
0.737500,0.112500,-0.039124,-0.013413,0.000370
0.762500,0.112500,-0.033779,-0.013534,0.000383
0.787500,0.112500,-0.028429,-0.013297,0.000388
0.812500,0.112500,-0.023208,-0.012689,0.000385
0.837500,0.112500,-0.018251,-0.011708,0.000375
0.862500,0.112500,-0.013690,-0.010369,0.000359
0.887500,0.112500,-0.009647,-0.008709,0.000337
0.912500,0.112500,-0.006227,-0.006797,0.000311
0.937500,0.112500,-0.003514,-0.004746,0.000282
0.962500,0.112500,-0.001560,-0.002732,0.000251
0.987500,0.112500,-0.000389,-0.001022,0.000220
0.012500,0.137500,-0.000481,0.001587,-0.000320
0.037500,0.137500,-0.001954,0.004306,-0.000360
0.062500,0.137500,-0.004409,0.007262,-0.000397
0.087500,0.137500,-0.007769,0.010174,-0.000430
0.112500,0.137500,-0.011939,0.012844,-0.000459
0.137500,0.137500,-0.016806,0.015141,-0.000482
0.162500,0.137500,-0.022240,0.016979,-0.000499
0.187500,0.137500,-0.028098,0.018313,-0.000509
0.212500,0.137500,-0.034230,0.019126,-0.000512
0.237500,0.137500,-0.040482,0.019419,-0.000507
0.262500,0.137500,-0.046705,0.019210,-0.000494
0.287500,0.137500,-0.052752,0.018529,-0.000474
0.312500,0.137500,-0.058490,0.017413,-0.000446
0.337500,0.137500,-0.063793,0.015905,-0.000412
0.362500,0.137500,-0.068550,0.014052,-0.000371
0.387500,0.137500,-0.072665,0.011905,-0.000324
0.412500,0.137500,-0.076057,0.009517,-0.000273
0.437500,0.137500,-0.078659,0.006939,-0.000218
0.462500,0.137500,-0.080423,0.004227,-0.000160
0.487500,0.137500,-0.081315,0.001434,-0.000101
0.512500,0.137500,-0.081320,-0.001386,-0.000041
0.537500,0.137500,-0.080437,-0.004179,0.000018
0.562500,0.137500,-0.078682,-0.006890,0.000076
0.587500,0.137500,-0.076090,-0.009465,0.000131
0.612500,0.137500,-0.072709,-0.011851,0.000182
0.637500,0.137500,-0.068605,-0.013995,0.000228
0.662500,0.137500,-0.063860,-0.015844,0.000269
0.687500,0.137500,-0.058570,-0.017349,0.000304
0.712500,0.137500,-0.052846,-0.018463,0.000331
0.737500,0.137500,-0.046812,-0.019143,0.000352
0.762500,0.137500,-0.040604,-0.019353,0.000364
0.787500,0.137500,-0.034366,-0.019064,0.000369
0.812500,0.137500,-0.028247,-0.018259,0.000367
0.837500,0.137500,-0.022400,-0.016939,0.000357
0.862500,0.137500,-0.016972,-0.015124,0.000340
0.887500,0.137500,-0.012107,-0.012862,0.000317
0.912500,0.137500,-0.007930,-0.010240,0.000289
0.937500,0.137500,-0.004551,-0.007395,0.000256
0.962500,0.137500,-0.002059,-0.004529,0.000221
0.987500,0.137500,-0.000522,-0.001933,0.000182
0.012500,0.162500,-0.000614,0.002680,-0.000286
0.037500,0.162500,-0.002447,0.006512,-0.000333
0.062500,0.162500,-0.005431,0.010487,-0.000376
0.087500,0.162500,-0.009444,0.014315,-0.000413
0.112500,0.162500,-0.014359,0.017782,-0.000444
0.137500,0.162500,-0.020032,0.020738,-0.000469
0.162500,0.162500,-0.026310,0.023088,-0.000487
0.187500,0.162500,-0.033029,0.024777,-0.000498
0.212500,0.162500,-0.040021,0.025782,-0.000501
0.237500,0.162500,-0.047116,0.026108,-0.000497
0.262500,0.162500,-0.054151,0.025776,-0.000484
0.287500,0.162500,-0.060967,0.024825,-0.000464
0.312500,0.162500,-0.067417,0.023303,-0.000437
0.337500,0.162500,-0.073367,0.021266,-0.000403
0.362500,0.162500,-0.078695,0.018776,-0.000363
0.387500,0.162500,-0.083298,0.015900,-0.000317
0.412500,0.162500,-0.087087,0.012705,-0.000267
0.437500,0.162500,-0.089992,0.009261,-0.000214
0.462500,0.162500,-0.091960,0.005640,-0.000158
0.487500,0.162500,-0.092955,0.001911,-0.000100
0.512500,0.162500,-0.092959,-0.001852,-0.000042
0.537500,0.162500,-0.091973,-0.005579,0.000016
0.562500,0.162500,-0.090014,-0.009199,0.000072
0.587500,0.162500,-0.087118,-0.012640,0.000125
0.612500,0.162500,-0.083338,-0.015832,0.000175
0.637500,0.162500,-0.078746,-0.018706,0.000221
0.662500,0.162500,-0.073429,-0.021192,0.000261
0.687500,0.162500,-0.067492,-0.023225,0.000294
0.712500,0.162500,-0.061054,-0.024745,0.000322
0.737500,0.162500,-0.054251,-0.025695,0.000342
0.762500,0.162500,-0.047229,-0.026028,0.000354
0.787500,0.162500,-0.040145,-0.025707,0.000359
0.812500,0.162500,-0.033164,-0.024712,0.000356
0.837500,0.162500,-0.026454,-0.023041,0.000345
0.862500,0.162500,-0.020182,-0.020719,0.000327
0.887500,0.162500,-0.014508,-0.017804,0.000302
0.912500,0.162500,-0.009586,-0.014396,0.000272
0.937500,0.162500,-0.005554,-0.010649,0.000235
0.962500,0.162500,-0.002537,-0.006785,0.000193
0.987500,0.162500,-0.000649,-0.003104,0.000146
0.012500,0.187500,-0.000742,0.004033,-0.000257
0.037500,0.187500,-0.002925,0.009167,-0.000312
0.062500,0.187500,-0.006424,0.014307,-0.000360
0.087500,0.187500,-0.011079,0.019158,-0.000402
0.112500,0.187500,-0.016727,0.023495,-0.000437
0.137500,0.187500,-0.023193,0.027160,-0.000464
0.162500,0.187500,-0.030299,0.030046,-0.000483
0.187500,0.187500,-0.037859,0.032094,-0.000495
0.212500,0.187500,-0.045686,0.033280,-0.000498
0.237500,0.187500,-0.053594,0.033611,-0.000494
0.262500,0.187500,-0.061406,0.033117,-0.000481
0.287500,0.187500,-0.068952,0.031844,-0.000461
0.312500,0.187500,-0.076073,0.029854,-0.000434
0.337500,0.187500,-0.082628,0.027218,-0.000400
0.362500,0.187500,-0.088487,0.024012,-0.000360
0.387500,0.187500,-0.093540,0.020321,-0.000315
0.412500,0.187500,-0.097696,0.016230,-0.000266
0.437500,0.187500,-0.100879,0.011826,-0.000213
0.462500,0.187500,-0.103033,0.007199,-0.000157
0.487500,0.187500,-0.104121,0.002438,-0.000100
0.512500,0.187500,-0.104125,-0.002367,-0.000042
0.537500,0.187500,-0.103044,-0.007127,0.000015
0.562500,0.187500,-0.100898,-0.011753,0.000071
0.587500,0.187500,-0.097723,-0.016154,0.000124
0.612500,0.187500,-0.093575,-0.020242,0.000173
0.637500,0.187500,-0.088531,-0.023929,0.000218
0.662500,0.187500,-0.082681,-0.027131,0.000258
0.687500,0.187500,-0.076137,-0.029764,0.000292
0.712500,0.187500,-0.069025,-0.031751,0.000319
0.737500,0.187500,-0.061490,-0.033023,0.000339
0.762500,0.187500,-0.053689,-0.033520,0.000351
0.787500,0.187500,-0.045790,-0.033195,0.000356
0.812500,0.187500,-0.037972,-0.032021,0.000352
0.837500,0.187500,-0.030419,-0.029994,0.000341
0.862500,0.187500,-0.023316,-0.027140,0.000321
0.887500,0.187500,-0.016848,-0.023523,0.000294
0.912500,0.187500,-0.011193,-0.019253,0.000260
0.937500,0.187500,-0.006522,-0.014495,0.000219
0.962500,0.187500,-0.002995,-0.009483,0.000171
0.987500,0.187500,-0.000769,-0.004521,0.000116
0.012500,0.212500,-0.000867,0.005639,-0.000235
0.037500,0.212500,-0.003389,0.012260,-0.000297
0.062500,0.212500,-0.007392,0.018710,-0.000352
0.087500,0.212500,-0.012679,0.024691,-0.000398
0.112500,0.212500,-0.019050,0.029974,-0.000436
0.137500,0.212500,-0.026300,0.034393,-0.000466
0.162500,0.212500,-0.034223,0.037837,-0.000487
0.187500,0.212500,-0.042610,0.040245,-0.000500
0.212500,0.212500,-0.051254,0.041596,-0.000504
0.237500,0.212500,-0.059954,0.041902,-0.000499
0.262500,0.212500,-0.068518,0.041200,-0.000487
0.287500,0.212500,-0.076764,0.039551,-0.000466
0.312500,0.212500,-0.084525,0.037030,-0.000438
0.337500,0.212500,-0.091652,0.033723,-0.000404
0.362500,0.212500,-0.098011,0.029726,-0.000363
0.387500,0.212500,-0.103486,0.025138,-0.000318
0.412500,0.212500,-0.107983,0.020066,-0.000267
0.437500,0.212500,-0.111423,0.014615,-0.000214
0.462500,0.212500,-0.113749,0.008893,-0.000158
0.487500,0.212500,-0.114923,0.003009,-0.000100
0.512500,0.212500,-0.114926,-0.002929,-0.000042
0.537500,0.212500,-0.113757,-0.008812,0.000016
0.562500,0.212500,-0.111437,-0.014532,0.000072
0.587500,0.212500,-0.108003,-0.019980,0.000125
0.612500,0.212500,-0.103513,-0.025049,0.000175
0.637500,0.212500,-0.098044,-0.029632,0.000221
0.662500,0.212500,-0.091692,-0.033625,0.000261
0.687500,0.212500,-0.084573,-0.036929,0.000296
0.712500,0.212500,-0.076819,-0.039448,0.000324
0.737500,0.212500,-0.068581,-0.041097,0.000344
0.762500,0.212500,-0.060025,-0.041801,0.000356
0.787500,0.212500,-0.051332,-0.041503,0.000361
0.812500,0.212500,-0.042694,-0.040167,0.000357
0.837500,0.212500,-0.034311,-0.037782,0.000344
0.862500,0.212500,-0.026389,-0.034374,0.000323
0.887500,0.212500,-0.019137,-0.030008,0.000293
0.912500,0.212500,-0.012760,-0.024800,0.000255
0.937500,0.212500,-0.007460,-0.018920,0.000209
0.962500,0.212500,-0.003436,-0.012609,0.000155
0.987500,0.212500,-0.000884,-0.006175,0.000092
0.012500,0.237500,-0.000988,0.007490,-0.000221
0.037500,0.237500,-0.003843,0.015781,-0.000291
0.062500,0.237500,-0.008343,0.023687,-0.000351
0.087500,0.237500,-0.014255,0.030908,-0.000403
0.112500,0.237500,-0.021343,0.037212,-0.000445
0.137500,0.237500,-0.029372,0.042430,-0.000477
0.162500,0.237500,-0.038105,0.046452,-0.000500
0.187500,0.237500,-0.047310,0.049218,-0.000513
0.212500,0.237500,-0.056758,0.050713,-0.000518
0.237500,0.237500,-0.066233,0.050957,-0.000513
0.262500,0.237500,-0.075527,0.050001,-0.000500
0.287500,0.237500,-0.084450,0.047918,-0.000478
0.312500,0.237500,-0.092826,0.044800,-0.000449
0.337500,0.237500,-0.100498,0.040752,-0.000413
0.362500,0.237500,-0.107330,0.035887,-0.000372
0.387500,0.237500,-0.113202,0.030326,-0.000324
0.412500,0.237500,-0.118017,0.024192,-0.000273
0.437500,0.237500,-0.121696,0.017611,-0.000218
0.462500,0.237500,-0.124182,0.010712,-0.000160
0.487500,0.237500,-0.125435,0.003621,-0.000101
0.512500,0.237500,-0.125437,-0.003533,-0.000041
0.537500,0.237500,-0.124187,-0.010623,0.000018
0.562500,0.237500,-0.121704,-0.017520,0.000075
0.587500,0.237500,-0.118029,-0.024098,0.000131
0.612500,0.237500,-0.113218,-0.030228,0.000182
0.637500,0.237500,-0.107350,-0.035786,0.000229
0.662500,0.237500,-0.100523,-0.040647,0.000271
0.687500,0.237500,-0.092855,-0.044692,0.000307
0.712500,0.237500,-0.084483,-0.047808,0.000335
0.737500,0.237500,-0.075565,-0.049891,0.000357
0.762500,0.237500,-0.066275,-0.050850,0.000370
0.787500,0.237500,-0.056804,-0.050615,0.000374
0.812500,0.237500,-0.047359,-0.049137,0.000370
0.837500,0.237500,-0.038156,-0.046397,0.000357
0.862500,0.237500,-0.029423,-0.042414,0.000334
0.887500,0.237500,-0.021392,-0.037252,0.000301
0.912500,0.237500,-0.014299,-0.031027,0.000259
0.937500,0.237500,-0.008379,-0.023914,0.000208
0.962500,0.237500,-0.003867,-0.016153,0.000147
0.987500,0.237500,-0.000996,-0.008055,0.000077
0.012500,0.262500,-0.001107,0.009582,-0.000216
0.037500,0.262500,-0.004293,0.019725,-0.000294
0.062500,0.262500,-0.009288,0.029232,-0.000361
0.087500,0.262500,-0.015822,0.037803,-0.000417
0.112500,0.262500,-0.023626,0.045204,-0.000462
0.137500,0.262500,-0.032431,0.051267,-0.000497
0.162500,0.262500,-0.041970,0.055884,-0.000522
0.187500,0.262500,-0.051985,0.059003,-0.000536
0.212500,0.262500,-0.062228,0.060617,-0.000540
0.237500,0.262500,-0.072463,0.060760,-0.000535
0.262500,0.262500,-0.082470,0.059498,-0.000521
0.287500,0.262500,-0.092048,0.056921,-0.000498
0.312500,0.262500,-0.101013,0.053139,-0.000467
0.337500,0.262500,-0.109205,0.048278,-0.000429
0.362500,0.262500,-0.116483,0.042471,-0.000385
0.387500,0.262500,-0.122728,0.035859,-0.000336
0.412500,0.262500,-0.127839,0.028587,-0.000281
0.437500,0.262500,-0.131741,0.020800,-0.000224
0.462500,0.262500,-0.134374,0.012645,-0.000164
0.487500,0.262500,-0.135700,0.004270,-0.000102
0.512500,0.262500,-0.135701,-0.004177,-0.000040
0.537500,0.262500,-0.134375,-0.012551,0.000022
0.562500,0.262500,-0.131743,-0.020703,0.000082
0.587500,0.262500,-0.127842,-0.028487,0.000139
0.612500,0.262500,-0.122731,-0.035757,0.000193
0.637500,0.262500,-0.116488,-0.042365,0.000243
0.662500,0.262500,-0.109211,-0.048168,0.000287
0.687500,0.262500,-0.101020,-0.053026,0.000324
0.712500,0.262500,-0.092056,-0.056806,0.000355
0.737500,0.262500,-0.082480,-0.059384,0.000378
0.762500,0.262500,-0.072474,-0.060651,0.000392
0.787500,0.262500,-0.062239,-0.060518,0.000397
0.812500,0.262500,-0.051997,-0.058921,0.000393
0.837500,0.262500,-0.041981,-0.055830,0.000378
0.862500,0.262500,-0.032441,-0.051253,0.000354
0.887500,0.262500,-0.023635,-0.045249,0.000318
0.912500,0.262500,-0.015828,-0.037930,0.000273
0.937500,0.262500,-0.009291,-0.029469,0.000216
0.962500,0.262500,-0.004294,-0.020109,0.000149
0.987500,0.262500,-0.001107,-0.010159,0.000071
0.012500,0.287500,-0.001227,0.011913,-0.000222
0.037500,0.287500,-0.004744,0.024091,-0.000307
0.062500,0.287500,-0.010235,0.035347,-0.000380
0.087500,0.287500,-0.017395,0.045378,-0.000441
0.112500,0.287500,-0.025917,0.053951,-0.000491
0.137500,0.287500,-0.035498,0.060901,-0.000528
0.162500,0.287500,-0.045842,0.066129,-0.000554
0.187500,0.287500,-0.056663,0.069591,-0.000569
0.212500,0.287500,-0.067690,0.071296,-0.000573
0.237500,0.287500,-0.078670,0.071294,-0.000566
0.262500,0.287500,-0.089371,0.069670,-0.000550
0.287500,0.287500,-0.099580,0.066534,-0.000525
0.312500,0.287500,-0.109109,0.062020,-0.000492
0.337500,0.287500,-0.117792,0.056274,-0.000451
0.362500,0.287500,-0.125489,0.049451,-0.000404
0.387500,0.287500,-0.132079,0.041715,-0.000351
0.412500,0.287500,-0.137465,0.033230,-0.000294
0.437500,0.287500,-0.141570,0.024164,-0.000233
0.462500,0.287500,-0.144337,0.014683,-0.000169
0.487500,0.287500,-0.145729,0.004954,-0.000104
0.512500,0.287500,-0.145728,-0.004858,-0.000038
0.537500,0.287500,-0.144334,-0.014586,0.000027
0.562500,0.287500,-0.141564,-0.024066,0.000091
0.587500,0.287500,-0.137457,-0.033129,0.000152
0.612500,0.287500,-0.132070,-0.041610,0.000209
0.637500,0.287500,-0.125477,-0.049343,0.000262
0.662500,0.287500,-0.117779,-0.056162,0.000309
0.687500,0.287500,-0.109093,-0.061906,0.000349
0.712500,0.287500,-0.099562,-0.066419,0.000382
0.737500,0.287500,-0.089351,-0.069556,0.000407
0.762500,0.287500,-0.078648,-0.071186,0.000423
0.787500,0.287500,-0.067666,-0.071198,0.000429
0.812500,0.287500,-0.056636,-0.069511,0.000425
0.837500,0.287500,-0.045813,-0.066077,0.000410
0.862500,0.287500,-0.035468,-0.060891,0.000384
0.887500,0.287500,-0.025886,-0.054000,0.000346
0.912500,0.287500,-0.017364,-0.045508,0.000297
0.937500,0.287500,-0.010206,-0.035587,0.000235
0.962500,0.287500,-0.004722,-0.024475,0.000162
0.987500,0.287500,-0.001218,-0.012485,0.000076
0.012500,0.312500,-0.001348,0.014485,-0.000240
0.037500,0.312500,-0.005200,0.028883,-0.000333
0.062500,0.312500,-0.011195,0.042036,-0.000412
0.087500,0.312500,-0.018988,0.053638,-0.000478
0.112500,0.312500,-0.028236,0.063456,-0.000531
0.137500,0.312500,-0.038597,0.071335,-0.000571
0.162500,0.312500,-0.049745,0.077183,-0.000598
0.187500,0.312500,-0.061365,0.080975,-0.000613
0.212500,0.312500,-0.073165,0.082737,-0.000616
0.237500,0.312500,-0.084872,0.082540,-0.000608
0.262500,0.312500,-0.096242,0.080493,-0.000589
0.287500,0.312500,-0.107054,0.076732,-0.000561
0.312500,0.312500,-0.117115,0.071413,-0.000524
0.337500,0.312500,-0.126257,0.064708,-0.000480
0.362500,0.312500,-0.134340,0.056797,-0.000429
0.387500,0.312500,-0.141245,0.047866,-0.000372
0.412500,0.312500,-0.146877,0.038100,-0.000310
0.437500,0.312500,-0.151164,0.027688,-0.000244
0.462500,0.312500,-0.154050,0.016815,-0.000176
0.487500,0.312500,-0.155500,0.005667,-0.000106
0.512500,0.312500,-0.155498,-0.005572,-0.000036
0.537500,0.312500,-0.154042,-0.016719,0.000034
0.562500,0.312500,-0.151151,-0.027590,0.000102
0.587500,0.312500,-0.146860,-0.037999,0.000167
0.612500,0.312500,-0.141222,-0.047762,0.000229
0.637500,0.312500,-0.134311,-0.056690,0.000286
0.662500,0.312500,-0.126224,-0.064598,0.000337
0.687500,0.312500,-0.117076,-0.071301,0.000382
0.712500,0.312500,-0.107009,-0.076619,0.000418
0.737500,0.312500,-0.096192,-0.080382,0.000446
0.762500,0.312500,-0.084817,-0.082435,0.000464
0.787500,0.312500,-0.073105,-0.082643,0.000472
0.812500,0.312500,-0.061301,-0.080899,0.000469
0.837500,0.312500,-0.049677,-0.077136,0.000454
0.862500,0.312500,-0.038527,-0.071328,0.000426
0.887500,0.312500,-0.028165,-0.063508,0.000386
0.912500,0.312500,-0.018922,-0.053768,0.000333
0.937500,0.312500,-0.011137,-0.042271,0.000266
0.962500,0.312500,-0.005158,-0.029256,0.000186
0.987500,0.312500,-0.001332,-0.015036,0.000093
0.012500,0.337500,-0.001472,0.017302,-0.000271
0.037500,0.337500,-0.005668,0.034109,-0.000371
0.062500,0.337500,-0.012178,0.049310,-0.000457
0.087500,0.337500,-0.020616,0.062592,-0.000528
0.112500,0.337500,-0.030598,0.073727,-0.000584
0.137500,0.337500,-0.041746,0.082569,-0.000626
0.162500,0.337500,-0.053697,0.089044,-0.000654
0.187500,0.337500,-0.066109,0.093144,-0.000668
0.212500,0.337500,-0.078665,0.094921,-0.000670
0.237500,0.337500,-0.091076,0.094473,-0.000659
0.262500,0.337500,-0.103084,0.091937,-0.000638
0.287500,0.337500,-0.114463,0.087478,-0.000606
0.312500,0.337500,-0.125015,0.081280,-0.000565
0.337500,0.337500,-0.134575,0.073544,-0.000516
0.362500,0.337500,-0.143003,0.064473,-0.000459
0.387500,0.337500,-0.150185,0.054279,-0.000397
0.412500,0.337500,-0.156031,0.043168,-0.000330
0.437500,0.337500,-0.160472,0.031350,-0.000259
0.462500,0.337500,-0.163459,0.019029,-0.000185
0.487500,0.337500,-0.164958,0.006407,-0.000109
0.512500,0.337500,-0.164954,-0.006315,-0.000033
0.537500,0.337500,-0.163447,-0.018936,0.000042
0.562500,0.337500,-0.160452,-0.031255,0.000116
0.587500,0.337500,-0.156003,-0.043071,0.000187
0.612500,0.337500,-0.150148,-0.054179,0.000254
0.637500,0.337500,-0.142958,-0.064371,0.000317
0.662500,0.337500,-0.134522,-0.073439,0.000373
0.687500,0.337500,-0.124954,-0.081174,0.000422
0.712500,0.337500,-0.114393,-0.087371,0.000463
0.737500,0.337500,-0.103005,-0.091833,0.000494
0.762500,0.337500,-0.090989,-0.094375,0.000516
0.787500,0.337500,-0.078570,-0.094833,0.000526
0.812500,0.337500,-0.066008,-0.093074,0.000524
0.837500,0.337500,-0.053591,-0.089001,0.000509
0.862500,0.337500,-0.041638,-0.082566,0.000481
0.887500,0.337500,-0.030492,-0.073779,0.000439
0.912500,0.337500,-0.020517,-0.062717,0.000382
0.937500,0.337500,-0.012092,-0.049533,0.000311
0.962500,0.337500,-0.005606,-0.034461,0.000225
0.987500,0.337500,-0.001449,-0.017817,0.000123
0.012500,0.362500,-0.001600,0.020371,-0.000316
0.037500,0.362500,-0.006151,0.039783,-0.000425
0.062500,0.362500,-0.013192,0.057182,-0.000517
0.087500,0.362500,-0.022292,0.072253,-0.000593
0.112500,0.362500,-0.033021,0.084773,-0.000652
0.137500,0.362500,-0.044961,0.094608,-0.000695
0.162500,0.362500,-0.057713,0.101705,-0.000723
0.187500,0.362500,-0.070903,0.106083,-0.000736
0.212500,0.362500,-0.084193,0.107825,-0.000736
0.237500,0.362500,-0.097275,0.107062,-0.000722
0.262500,0.362500,-0.109881,0.103963,-0.000696
0.287500,0.362500,-0.121779,0.098729,-0.000660
0.312500,0.362500,-0.132772,0.091576,-0.000613
0.337500,0.362500,-0.142695,0.082733,-0.000558
0.362500,0.362500,-0.151416,0.072434,-0.000496
0.387500,0.362500,-0.158827,0.060913,-0.000427
0.412500,0.362500,-0.164846,0.048401,-0.000353
0.437500,0.362500,-0.169409,0.035125,-0.000275
0.462500,0.362500,-0.172473,0.021307,-0.000195
0.487500,0.362500,-0.174010,0.007167,-0.000113
0.512500,0.362500,-0.174004,-0.007081,-0.000030
0.537500,0.362500,-0.172457,-0.021221,0.000052
0.562500,0.362500,-0.169382,-0.035037,0.000133
0.587500,0.362500,-0.164808,-0.048311,0.000211
0.612500,0.362500,-0.158779,-0.060821,0.000285
0.637500,0.362500,-0.151356,-0.072339,0.000353
0.662500,0.362500,-0.142624,-0.082636,0.000415
0.687500,0.362500,-0.132689,-0.091477,0.000470
0.712500,0.362500,-0.121684,-0.098631,0.000516
0.737500,0.362500,-0.109775,-0.103868,0.000553
0.762500,0.362500,-0.097158,-0.106972,0.000578
0.787500,0.362500,-0.084066,-0.107746,0.000592
0.812500,0.362500,-0.070769,-0.106021,0.000592
0.837500,0.362500,-0.057573,-0.101668,0.000579
0.862500,0.362500,-0.044819,-0.094607,0.000550
0.887500,0.362500,-0.032882,-0.084823,0.000507
0.912500,0.362500,-0.022162,-0.072370,0.000447
0.937500,0.362500,-0.013082,-0.057388,0.000370
0.962500,0.362500,-0.006073,-0.040104,0.000277
0.987500,0.362500,-0.001571,-0.020837,0.000168
0.012500,0.387500,-0.001733,0.023701,-0.000378
0.037500,0.387500,-0.006654,0.045921,-0.000495
0.062500,0.387500,-0.014246,0.065673,-0.000593
0.087500,0.387500,-0.024026,0.082639,-0.000674
0.112500,0.387500,-0.035517,0.096604,-0.000736
0.137500,0.387500,-0.048254,0.107452,-0.000780
0.162500,0.387500,-0.061800,0.115156,-0.000808
0.187500,0.387500,-0.075751,0.119771,-0.000819
0.212500,0.387500,-0.089741,0.121416,-0.000815
0.237500,0.387500,-0.103450,0.120261,-0.000797
0.262500,0.387500,-0.116599,0.116519,-0.000766
0.287500,0.387500,-0.128953,0.110426,-0.000723
0.312500,0.387500,-0.140320,0.102238,-0.000670
0.337500,0.387500,-0.150539,0.092216,-0.000608
0.362500,0.387500,-0.159488,0.080623,-0.000539
0.387500,0.387500,-0.167068,0.067718,-0.000462
0.412500,0.387500,-0.173207,0.053756,-0.000381
0.437500,0.387500,-0.177852,0.038981,-0.000295
0.462500,0.387500,-0.180965,0.023632,-0.000207
0.487500,0.387500,-0.182524,0.007941,-0.000117
0.512500,0.387500,-0.182517,-0.007863,-0.000026
0.537500,0.387500,-0.180945,-0.023554,0.000064
0.562500,0.387500,-0.177819,-0.038902,0.000153
0.587500,0.387500,-0.173161,-0.053675,0.000238
0.612500,0.387500,-0.167008,-0.067636,0.000320
0.637500,0.387500,-0.159414,-0.080538,0.000396
0.662500,0.387500,-0.150451,-0.092129,0.000466
0.687500,0.387500,-0.140217,-0.102151,0.000527
0.712500,0.387500,-0.128837,-0.110340,0.000580
0.737500,0.387500,-0.116469,-0.116435,0.000622
0.762500,0.387500,-0.103307,-0.120183,0.000653
0.787500,0.387500,-0.089587,-0.121347,0.000671
0.812500,0.387500,-0.075587,-0.119718,0.000675
0.837500,0.387500,-0.061630,-0.115125,0.000663
0.862500,0.387500,-0.048082,-0.107453,0.000635
0.887500,0.387500,-0.035349,-0.096649,0.000590
0.912500,0.387500,-0.023871,-0.082743,0.000527
0.937500,0.387500,-0.014115,-0.065854,0.000446
0.962500,0.387500,-0.006562,-0.046201,0.000347
0.987500,0.387500,-0.001699,-0.024108,0.000229
0.012500,0.412500,-0.001873,0.027306,-0.000458
0.037500,0.412500,-0.007183,0.052543,-0.000583
0.062500,0.412500,-0.015349,0.074804,-0.000688
0.087500,0.412500,-0.025832,0.093768,-0.000773
0.112500,0.412500,-0.038098,0.109230,-0.000837
0.137500,0.412500,-0.051636,0.121098,-0.000882
0.162500,0.412500,-0.065963,0.129382,-0.000908
0.187500,0.412500,-0.080644,0.134176,-0.000916
0.212500,0.412500,-0.095290,0.135646,-0.000908
0.237500,0.412500,-0.109564,0.134013,-0.000885
0.262500,0.412500,-0.123184,0.129535,-0.000847
0.287500,0.412500,-0.135914,0.122495,-0.000797
0.312500,0.412500,-0.147567,0.113189,-0.000737
0.337500,0.412500,-0.157997,0.101915,-0.000666
0.362500,0.412500,-0.167090,0.088967,-0.000588
0.387500,0.412500,-0.174764,0.074631,-0.000503
0.412500,0.412500,-0.180959,0.059180,-0.000413
0.437500,0.412500,-0.185634,0.042879,-0.000318
0.462500,0.412500,-0.188762,0.025978,-0.000220
0.487500,0.412500,-0.190326,0.008721,-0.000121
0.512500,0.412500,-0.190318,-0.008654,-0.000021
0.537500,0.412500,-0.188739,-0.025911,0.000078
0.562500,0.412500,-0.185596,-0.042811,0.000175
0.587500,0.412500,-0.180906,-0.059111,0.000270
0.612500,0.412500,-0.174695,-0.074560,0.000360
0.637500,0.412500,-0.167004,-0.088895,0.000445
0.662500,0.412500,-0.157895,-0.101842,0.000524
0.687500,0.412500,-0.147449,-0.113116,0.000594
0.712500,0.412500,-0.135779,-0.122423,0.000654
0.737500,0.412500,-0.123034,-0.129465,0.000704
0.762500,0.412500,-0.109400,-0.133948,0.000741
0.787500,0.412500,-0.095112,-0.135589,0.000764
0.812500,0.412500,-0.080456,-0.134132,0.000772
0.837500,0.412500,-0.065768,-0.129357,0.000764
0.862500,0.412500,-0.051438,-0.121100,0.000737
0.887500,0.412500,-0.037906,-0.109269,0.000692
0.912500,0.412500,-0.025655,-0.093856,0.000626
0.937500,0.412500,-0.015200,-0.074956,0.000541
0.962500,0.412500,-0.007079,-0.052777,0.000435
0.987500,0.412500,-0.001835,-0.027643,0.000308
0.012500,0.437500,-0.002022,0.031199,-0.000557
0.037500,0.437500,-0.007741,0.059673,-0.000692
0.062500,0.437500,-0.016508,0.084602,-0.000803
0.087500,0.437500,-0.027718,0.105659,-0.000892
0.112500,0.437500,-0.040775,0.122659,-0.000959
0.137500,0.437500,-0.055110,0.135539,-0.001003
0.162500,0.437500,-0.070198,0.144354,-0.001027
0.187500,0.437500,-0.085567,0.149251,-0.001031
0.212500,0.437500,-0.100805,0.150453,-0.001017
0.237500,0.437500,-0.115565,0.148239,-0.000986
0.262500,0.437500,-0.129559,0.142923,-0.000941
0.287500,0.437500,-0.142560,0.134840,-0.000882
0.312500,0.437500,-0.154391,0.124331,-0.000812
0.337500,0.437500,-0.164922,0.111735,-0.000733
0.362500,0.437500,-0.174057,0.097378,-0.000644
0.387500,0.437500,-0.181732,0.081571,-0.000549
0.412500,0.437500,-0.187905,0.064610,-0.000449
0.437500,0.437500,-0.192548,0.046770,-0.000344
0.462500,0.437500,-0.195647,0.028316,-0.000236
0.487500,0.437500,-0.197194,0.009497,-0.000126
0.512500,0.437500,-0.197185,-0.009443,-0.000016
0.537500,0.437500,-0.195621,-0.028262,0.000093
0.562500,0.437500,-0.192505,-0.046716,0.000201
0.587500,0.437500,-0.187845,-0.064554,0.000306
0.612500,0.437500,-0.181655,-0.081515,0.000407
0.637500,0.437500,-0.173962,-0.097321,0.000502
0.662500,0.437500,-0.164809,-0.111677,0.000590
0.687500,0.437500,-0.154260,-0.124273,0.000669
0.712500,0.437500,-0.142411,-0.134783,0.000739
0.737500,0.437500,-0.129393,-0.142868,0.000798
0.762500,0.437500,-0.115382,-0.148189,0.000843
0.787500,0.437500,-0.100608,-0.150410,0.000873
0.812500,0.437500,-0.085359,-0.149218,0.000887
0.837500,0.437500,-0.069983,-0.144336,0.000882
0.862500,0.437500,-0.054893,-0.135542,0.000858
0.887500,0.437500,-0.040564,-0.122690,0.000813
0.912500,0.437500,-0.027524,-0.105729,0.000746
0.937500,0.437500,-0.016346,-0.084720,0.000656
0.962500,0.437500,-0.007628,-0.059855,0.000544
0.987500,0.437500,-0.001980,-0.031459,0.000408
0.012500,0.462500,-0.002181,0.035400,-0.000679
0.037500,0.462500,-0.008335,0.067342,-0.000823
0.062500,0.462500,-0.017734,0.095096,-0.000942
0.087500,0.462500,-0.029697,0.118335,-0.001034
0.112500,0.462500,-0.043556,0.136896,-0.001102
0.137500,0.462500,-0.058681,0.150760,-0.001145
0.162500,0.462500,-0.074495,0.160035,-0.001165
0.187500,0.462500,-0.090491,0.164935,-0.001163
0.212500,0.462500,-0.106237,0.165753,-0.001142
0.237500,0.462500,-0.121375,0.162837,-0.001103
0.262500,0.462500,-0.135621,0.156567,-0.001048
0.287500,0.462500,-0.148760,0.147337,-0.000979
0.312500,0.462500,-0.160632,0.135540,-0.000898
0.337500,0.462500,-0.171129,0.121556,-0.000807
0.362500,0.462500,-0.180179,0.105745,-0.000708
0.387500,0.462500,-0.187742,0.088444,-0.000601
0.412500,0.462500,-0.193795,0.069965,-0.000489
0.437500,0.462500,-0.198332,0.050598,-0.000372
0.462500,0.462500,-0.201352,0.030610,-0.000253
0.487500,0.462500,-0.202856,0.010257,-0.000132
0.512500,0.462500,-0.202847,-0.010217,-0.000010
0.537500,0.462500,-0.201324,-0.030571,0.000111
0.562500,0.462500,-0.198286,-0.050558,0.000230
0.587500,0.462500,-0.193731,-0.069925,0.000346
0.612500,0.462500,-0.187659,-0.088404,0.000458
0.637500,0.462500,-0.180077,-0.105704,0.000565
0.662500,0.462500,-0.171008,-0.121515,0.000664
0.687500,0.462500,-0.160491,-0.135499,0.000755
0.712500,0.462500,-0.148600,-0.147297,0.000836
0.737500,0.462500,-0.135443,-0.156529,0.000905
0.762500,0.462500,-0.121179,-0.162802,0.000959
0.787500,0.462500,-0.106026,-0.165723,0.000998
0.812500,0.462500,-0.090269,-0.164913,0.001019
0.837500,0.462500,-0.074265,-0.160023,0.001020
0.862500,0.462500,-0.058449,-0.150762,0.001000
0.887500,0.462500,-0.043332,-0.136918,0.000956
0.912500,0.462500,-0.029491,-0.118383,0.000888
0.937500,0.462500,-0.017562,-0.095177,0.000795
0.962500,0.462500,-0.008215,-0.067466,0.000675
0.987500,0.462500,-0.002137,-0.035577,0.000530
0.012500,0.487500,-0.002351,0.039930,-0.000826
0.037500,0.487500,-0.008971,0.075582,-0.000981
0.062500,0.487500,-0.019038,0.106318,-0.001106
0.087500,0.487500,-0.031781,0.131816,-0.001202
0.112500,0.487500,-0.046450,0.151941,-0.001269
0.137500,0.487500,-0.062344,0.166731,-0.001310
0.162500,0.487500,-0.078834,0.176366,-0.001324
0.187500,0.487500,-0.095375,0.181140,-0.001315
0.212500,0.487500,-0.111515,0.181432,-0.001285
0.237500,0.487500,-0.126893,0.177673,-0.001235
0.262500,0.487500,-0.141235,0.170320,-0.001169
0.287500,0.487500,-0.154344,0.159833,-0.001088
0.312500,0.487500,-0.166088,0.146661,-0.000994
0.337500,0.487500,-0.176386,0.131231,-0.000890
0.362500,0.487500,-0.185198,0.113935,-0.000778
0.387500,0.487500,-0.192512,0.095133,-0.000658
0.412500,0.487500,-0.198332,0.075153,-0.000533
0.437500,0.487500,-0.202673,0.054291,-0.000404
0.462500,0.487500,-0.205552,0.032818,-0.000272
0.487500,0.487500,-0.206983,0.010987,-0.000138
0.512500,0.487500,-0.206974,-0.010963,-0.000004
0.537500,0.487500,-0.205524,-0.032794,0.000129
0.562500,0.487500,-0.202626,-0.054267,0.000261
0.587500,0.487500,-0.198265,-0.075129,0.000391
0.612500,0.487500,-0.192425,-0.095109,0.000515
0.637500,0.487500,-0.185092,-0.113911,0.000635
0.662500,0.487500,-0.176260,-0.131208,0.000748
0.687500,0.487500,-0.165942,-0.146639,0.000851
0.712500,0.487500,-0.154178,-0.159811,0.000945
0.737500,0.487500,-0.141050,-0.170299,0.001026
0.762500,0.487500,-0.126690,-0.177655,0.001092
0.787500,0.487500,-0.111296,-0.181417,0.001141
0.812500,0.487500,-0.095144,-0.181129,0.001171
0.837500,0.487500,-0.078595,-0.176360,0.001180
0.862500,0.487500,-0.062104,-0.166733,0.001165
0.887500,0.487500,-0.046218,-0.151954,0.001124
0.912500,0.487500,-0.031568,-0.131841,0.001056
0.937500,0.487500,-0.018860,-0.106361,0.000959
0.962500,0.487500,-0.008847,-0.075646,0.000833
0.987500,0.487500,-0.002306,-0.040021,0.000677
0.012500,0.512500,-0.002536,0.044815,-0.001002
0.037500,0.512500,-0.009656,0.084433,-0.001167
0.062500,0.512500,-0.020431,0.118306,-0.001299
0.087500,0.512500,-0.033983,0.146120,-0.001398
0.112500,0.512500,-0.049465,0.167786,-0.001464
0.137500,0.512500,-0.066096,0.183411,-0.001500
0.162500,0.512500,-0.083188,0.193267,-0.001508
0.187500,0.512500,-0.100161,0.197752,-0.001489
0.212500,0.512500,-0.116546,0.197346,-0.001447
0.237500,0.512500,-0.131987,0.192580,-0.001385
0.262500,0.512500,-0.146228,0.183998,-0.001304
0.287500,0.512500,-0.159102,0.172138,-0.001209
0.312500,0.512500,-0.170509,0.157509,-0.001101
0.337500,0.512500,-0.180410,0.140583,-0.000982
0.362500,0.512500,-0.188800,0.121787,-0.000855
0.387500,0.512500,-0.195703,0.101500,-0.000721
0.412500,0.512500,-0.201155,0.080061,-0.000582
0.437500,0.512500,-0.205197,0.057769,-0.000438
0.462500,0.512500,-0.207866,0.034891,-0.000293
0.487500,0.512500,-0.209188,0.011670,-0.000145
0.512500,0.512500,-0.209179,-0.011663,0.000003
0.537500,0.512500,-0.207837,-0.034883,0.000150
0.562500,0.512500,-0.205150,-0.057762,0.000296
0.587500,0.512500,-0.201088,-0.080055,0.000439
0.612500,0.512500,-0.195616,-0.101494,0.000578
0.637500,0.512500,-0.188693,-0.121781,0.000712
0.662500,0.512500,-0.180283,-0.140579,0.000839
0.687500,0.512500,-0.170362,-0.157506,0.000958
0.712500,0.512500,-0.158934,-0.172135,0.001066
0.737500,0.512500,-0.146042,-0.183996,0.001161
0.762500,0.512500,-0.131782,-0.192579,0.001241
0.787500,0.512500,-0.116325,-0.197346,0.001304
0.812500,0.512500,-0.099927,-0.197752,0.001345
0.837500,0.512500,-0.082947,-0.193268,0.001364
0.862500,0.512500,-0.065854,-0.183412,0.001356
0.887500,0.512500,-0.049230,-0.167788,0.001319
0.912500,0.512500,-0.033768,-0.146122,0.001252
0.937500,0.512500,-0.020251,-0.118308,0.001153
0.962500,0.512500,-0.009531,-0.084436,0.001020
0.987500,0.512500,-0.002490,-0.044818,0.000854
0.012500,0.537500,-0.002738,0.050088,-0.001211
0.037500,0.537500,-0.010402,0.093941,-0.001387
0.062500,0.537500,-0.021931,0.131099,-0.001526
0.087500,0.537500,-0.036320,0.161265,-0.001626
0.112500,0.537500,-0.052608,0.184409,-0.001690
0.137500,0.537500,-0.069924,0.200734,-0.001719
0.162500,0.537500,-0.087516,0.210628,-0.001717
0.187500,0.537500,-0.104769,0.214616,-0.001686
0.212500,0.537500,-0.121208,0.213305,-0.001630
0.237500,0.537500,-0.136488,0.207342,-0.001552
0.262500,0.537500,-0.150384,0.197374,-0.001455
0.287500,0.537500,-0.162769,0.184021,-0.001343
0.312500,0.537500,-0.173591,0.167858,-0.001218
0.337500,0.537500,-0.182857,0.149403,-0.001083
0.362500,0.537500,-0.190610,0.129113,-0.000939
0.387500,0.537500,-0.196915,0.107385,-0.000789
0.412500,0.537500,-0.201844,0.084562,-0.000634
0.437500,0.537500,-0.205468,0.060938,-0.000476
0.462500,0.537500,-0.207845,0.036771,-0.000315
0.487500,0.537500,-0.209018,0.012289,-0.000153
0.512500,0.537500,-0.209009,-0.012297,0.000010
0.537500,0.537500,-0.207817,-0.036779,0.000172
0.562500,0.537500,-0.205421,-0.060947,0.000333
0.587500,0.537500,-0.201778,-0.084571,0.000492
0.612500,0.537500,-0.196829,-0.107396,0.000646
0.637500,0.537500,-0.190505,-0.129125,0.000796
0.662500,0.537500,-0.182732,-0.149417,0.000940
0.687500,0.537500,-0.173446,-0.167873,0.001075
0.712500,0.537500,-0.162604,-0.184037,0.001200
0.737500,0.537500,-0.150201,-0.197391,0.001312
0.762500,0.537500,-0.136287,-0.207358,0.001409
0.787500,0.537500,-0.120991,-0.213320,0.001487
0.812500,0.537500,-0.104540,-0.214628,0.001543
0.837500,0.537500,-0.087279,-0.210636,0.001573
0.862500,0.537500,-0.069685,-0.200735,0.001575
0.887500,0.537500,-0.052377,-0.184401,0.001545
0.912500,0.537500,-0.036107,-0.161244,0.001481
0.937500,0.537500,-0.021753,-0.131062,0.001380
0.962500,0.537500,-0.010278,-0.093882,0.001240
0.987500,0.537500,-0.002693,-0.050002,0.001063
0.012500,0.562500,-0.002962,0.055786,-0.001457
0.037500,0.562500,-0.011220,0.104160,-0.001646
0.062500,0.562500,-0.023556,0.144743,-0.001790
0.087500,0.562500,-0.038810,0.177263,-0.001891
0.112500,0.562500,-0.055886,0.201774,-0.001950
0.137500,0.562500,-0.073809,0.218607,-0.001970
0.162500,0.562500,-0.091761,0.228299,-0.001955
0.187500,0.562500,-0.109097,0.231533,-0.001908
0.212500,0.562500,-0.125341,0.229071,-0.001835
0.237500,0.562500,-0.140179,0.221696,-0.001738
0.262500,0.562500,-0.153430,0.210169,-0.001622
0.287500,0.562500,-0.165021,0.195204,-0.001490
0.312500,0.562500,-0.174962,0.177441,-0.001345
0.337500,0.562500,-0.183317,0.157443,-0.001191
0.362500,0.562500,-0.190184,0.135695,-0.001029
0.387500,0.562500,-0.195676,0.112603,-0.000862
0.412500,0.562500,-0.199907,0.088507,-0.000690
0.437500,0.562500,-0.202979,0.063691,-0.000515
0.462500,0.562500,-0.204976,0.038394,-0.000338
0.487500,0.562500,-0.205954,0.012820,-0.000160
0.512500,0.562500,-0.205946,-0.012843,0.000018
0.537500,0.562500,-0.204949,-0.038418,0.000196
0.562500,0.562500,-0.202935,-0.063716,0.000373
0.587500,0.562500,-0.199844,-0.088533,0.000548
0.612500,0.562500,-0.195595,-0.112630,0.000719
0.637500,0.562500,-0.190084,-0.135724,0.000887
0.662500,0.562500,-0.183198,-0.157475,0.001049
0.687500,0.562500,-0.174824,-0.177474,0.001203
0.712500,0.562500,-0.164865,-0.195238,0.001347
0.737500,0.562500,-0.153255,-0.210203,0.001479
0.762500,0.562500,-0.139987,-0.221728,0.001595
0.787500,0.562500,-0.125134,-0.229101,0.001692
0.812500,0.562500,-0.108877,-0.231557,0.001765
0.837500,0.562500,-0.091534,-0.228313,0.001812
0.862500,0.562500,-0.073580,-0.218608,0.001827
0.887500,0.562500,-0.055664,-0.201757,0.001806
0.912500,0.562500,-0.038606,-0.177219,0.001746
0.937500,0.562500,-0.023385,-0.144666,0.001645
0.962500,0.562500,-0.011101,-0.104041,0.001499
0.987500,0.562500,-0.002918,-0.055614,0.001310
0.012500,0.587500,-0.003213,0.061960,-0.001746
0.037500,0.587500,-0.012129,0.115157,-0.001948
0.062500,0.587500,-0.025334,0.159285,-0.002098
0.087500,0.587500,-0.041478,0.194116,-0.002198
0.112500,0.587500,-0.059305,0.219822,-0.002250
0.137500,0.587500,-0.077722,0.236898,-0.002257
0.162500,0.587500,-0.095843,0.246079,-0.002225
0.187500,0.587500,-0.113000,0.248245,-0.002158
0.212500,0.587500,-0.128738,0.244342,-0.002062
0.237500,0.587500,-0.142785,0.235312,-0.001943
0.262500,0.587500,-0.155026,0.222047,-0.001804
0.287500,0.587500,-0.165462,0.205355,-0.001649
0.312500,0.587500,-0.174175,0.185946,-0.001483
0.337500,0.587500,-0.181301,0.164422,-0.001308
0.362500,0.587500,-0.187001,0.141286,-0.001126
0.387500,0.587500,-0.191442,0.116948,-0.000939
0.412500,0.587500,-0.194782,0.091736,-0.000749
0.437500,0.587500,-0.197156,0.065913,-0.000557
0.462500,0.587500,-0.198674,0.039690,-0.000363
0.487500,0.587500,-0.199410,0.013242,-0.000169
0.512500,0.587500,-0.199402,-0.013279,0.000026
0.537500,0.587500,-0.198650,-0.039728,0.000221
0.562500,0.587500,-0.197115,-0.065952,0.000414
0.587500,0.587500,-0.194724,-0.091777,0.000607
0.612500,0.587500,-0.191367,-0.116991,0.000797
0.637500,0.587500,-0.186909,-0.141332,0.000983
0.662500,0.587500,-0.181191,-0.164470,0.001165
0.687500,0.587500,-0.174048,-0.185995,0.001341
0.712500,0.587500,-0.165317,-0.205406,0.001507
0.737500,0.587500,-0.154864,-0.222098,0.001661
0.762500,0.587500,-0.142607,-0.235360,0.001800
0.787500,0.587500,-0.128545,-0.244386,0.001920
0.812500,0.587500,-0.112796,-0.248280,0.002016
0.837500,0.587500,-0.095631,-0.246101,0.002082
0.862500,0.587500,-0.077508,-0.236900,0.002114
0.887500,0.587500,-0.059097,-0.219796,0.002106
0.912500,0.587500,-0.041287,-0.194052,0.002054
0.937500,0.587500,-0.025174,-0.159172,0.001954
0.962500,0.587500,-0.012017,-0.114982,0.001803
0.987500,0.587500,-0.003172,-0.061706,0.001600
0.012500,0.612500,-0.003499,0.068671,-0.002086
0.037500,0.612500,-0.013151,0.127012,-0.002302
0.062500,0.612500,-0.027298,0.174780,-0.002457
0.087500,0.612500,-0.044352,0.211817,-0.002553
0.112500,0.612500,-0.062865,0.238459,-0.002593
0.137500,0.612500,-0.081614,0.255427,-0.002583
0.162500,0.612500,-0.099647,0.263704,-0.002529
0.187500,0.612500,-0.116289,0.264420,-0.002437
0.212500,0.612500,-0.131123,0.258740,-0.002314
0.237500,0.612500,-0.143952,0.247791,-0.002167
0.262500,0.612500,-0.154747,0.232605,-0.002001
0.287500,0.612500,-0.163602,0.214090,-0.001820
0.312500,0.612500,-0.170692,0.193016,-0.001629
0.337500,0.612500,-0.176233,0.170021,-0.001431
0.362500,0.612500,-0.180456,0.145614,-0.001227
0.387500,0.612500,-0.183586,0.120195,-0.001020
0.412500,0.612500,-0.185827,0.094072,-0.000810
0.437500,0.612500,-0.187350,0.067477,-0.000600
0.462500,0.612500,-0.188288,0.040584,-0.000388
0.487500,0.612500,-0.188730,0.013529,-0.000177
0.512500,0.612500,-0.188723,-0.013579,0.000035
0.537500,0.612500,-0.188266,-0.040635,0.000246
0.562500,0.612500,-0.187314,-0.067529,0.000457
0.587500,0.612500,-0.185776,-0.094126,0.000668
0.612500,0.612500,-0.183520,-0.120252,0.000877
0.637500,0.612500,-0.180374,-0.145673,0.001085
0.662500,0.612500,-0.176136,-0.170083,0.001288
0.687500,0.612500,-0.170579,-0.193081,0.001487
0.712500,0.612500,-0.163474,-0.214156,0.001678
0.737500,0.612500,-0.154603,-0.232671,0.001859
0.762500,0.612500,-0.143794,-0.247855,0.002025
0.787500,0.612500,-0.130951,-0.258797,0.002172
0.812500,0.612500,-0.116106,-0.264466,0.002295
0.837500,0.612500,-0.099456,-0.263732,0.002386
0.862500,0.612500,-0.081422,-0.255429,0.002441
0.887500,0.612500,-0.062677,-0.238426,0.002450
0.912500,0.612500,-0.044178,-0.211735,0.002410
0.937500,0.612500,-0.027151,-0.174634,0.002314
0.962500,0.612500,-0.013048,-0.126784,0.002158
0.987500,0.612500,-0.003461,-0.068340,0.001941
0.012500,0.637500,-0.003829,0.075998,-0.002486
0.037500,0.637500,-0.014317,0.139824,-0.002717
0.062500,0.637500,-0.029490,0.191286,-0.002876
0.087500,0.637500,-0.047463,0.230338,-0.002964
0.112500,0.637500,-0.066559,0.257547,-0.002987
0.137500,0.637500,-0.085410,0.273939,-0.002953
0.162500,0.637500,-0.103008,0.280823,-0.002870
0.187500,0.637500,-0.118698,0.279634,-0.002747
0.212500,0.637500,-0.132136,0.271800,-0.002591
0.237500,0.637500,-0.143227,0.258653,-0.002411
0.262500,0.637500,-0.152061,0.241374,-0.002213
0.287500,0.637500,-0.158849,0.220966,-0.002002
0.312500,0.637500,-0.163871,0.198254,-0.001783
0.337500,0.637500,-0.167437,0.173892,-0.001559
0.362500,0.637500,-0.169852,0.148384,-0.001331
0.387500,0.637500,-0.171400,0.122107,-0.001102
0.412500,0.637500,-0.172329,0.095334,-0.000873
0.437500,0.637500,-0.172843,0.068255,-0.000643
0.462500,0.637500,-0.173097,0.041000,-0.000414
0.487500,0.637500,-0.173195,0.013656,-0.000185
0.512500,0.637500,-0.173189,-0.013716,0.000043
0.537500,0.637500,-0.173079,-0.041062,0.000272
0.562500,0.637500,-0.172813,-0.068318,0.000501
0.587500,0.637500,-0.172286,-0.095400,0.000731
0.612500,0.637500,-0.171344,-0.122176,0.000960
0.637500,0.637500,-0.169783,-0.148456,0.001189
0.662500,0.637500,-0.167355,-0.173967,0.001417
0.687500,0.637500,-0.163776,-0.198333,0.001641
0.712500,0.637500,-0.158740,-0.221047,0.001861
0.737500,0.637500,-0.151939,-0.241454,0.002071
0.762500,0.637500,-0.143092,-0.258730,0.002270
0.787500,0.637500,-0.131989,-0.271869,0.002449
0.812500,0.637500,-0.118542,-0.279689,0.002605
0.837500,0.637500,-0.102845,-0.280858,0.002728
0.862500,0.637500,-0.085244,-0.273943,0.002811
0.887500,0.637500,-0.066396,-0.257508,0.002845
0.912500,0.637500,-0.047312,-0.230240,0.002822
0.937500,0.637500,-0.029361,-0.191111,0.002733
0.962500,0.637500,-0.014227,-0.139550,0.002574
0.987500,0.637500,-0.003796,-0.075597,0.002342
0.012500,0.662500,-0.004218,0.084044,-0.002958
0.037500,0.662500,-0.015669,0.153714,-0.003205
0.062500,0.662500,-0.031964,0.208861,-0.003364
0.087500,0.662500,-0.050845,0.249615,-0.003440
0.112500,0.662500,-0.070359,0.276878,-0.003439
0.137500,0.662500,-0.088987,0.292087,-0.003373
0.162500,0.662500,-0.105688,0.296974,-0.003252
0.187500,0.662500,-0.119865,0.293351,-0.003088
0.212500,0.662500,-0.131293,0.282949,-0.002892
0.237500,0.662500,-0.140024,0.267327,-0.002673
0.262500,0.662500,-0.146301,0.247813,-0.002438
0.287500,0.662500,-0.150476,0.225493,-0.002193
0.312500,0.662500,-0.152949,0.201226,-0.001943
0.337500,0.662500,-0.154127,0.175666,-0.001690
0.362500,0.662500,-0.154394,0.149293,-0.001437
0.387500,0.662500,-0.154088,0.122443,-0.001185
0.412500,0.662500,-0.153497,0.095340,-0.000935
0.437500,0.662500,-0.152852,0.068122,-0.000687
0.462500,0.662500,-0.152325,0.040864,-0.000440
0.487500,0.662500,-0.152031,0.013599,-0.000194
0.512500,0.662500,-0.152026,-0.013667,0.000052
0.537500,0.662500,-0.152310,-0.040934,0.000298
0.562500,0.662500,-0.152827,-0.068194,0.000545
0.587500,0.662500,-0.153463,-0.095414,0.000793
0.612500,0.662500,-0.154043,-0.122521,0.001043
0.637500,0.662500,-0.154339,-0.149375,0.001295
0.662500,0.662500,-0.154062,-0.175752,0.001548
0.687500,0.662500,-0.152873,-0.201316,0.001801
0.712500,0.662500,-0.150389,-0.225584,0.002052
0.737500,0.662500,-0.146204,-0.247904,0.002297
0.762500,0.662500,-0.139917,-0.267415,0.002532
0.787500,0.662500,-0.131176,-0.283029,0.002751
0.812500,0.662500,-0.119740,-0.293415,0.002947
0.837500,0.662500,-0.105556,-0.297016,0.003111
0.862500,0.662500,-0.088852,-0.292094,0.003232
0.887500,0.662500,-0.070225,-0.276836,0.003298
0.912500,0.662500,-0.050721,-0.249506,0.003298
0.937500,0.662500,-0.031858,-0.208663,0.003223
0.962500,0.662500,-0.015593,-0.153402,0.003063
0.987500,0.662500,-0.004190,-0.083585,0.002815
0.012500,0.687500,-0.004686,0.092947,-0.003516
0.037500,0.687500,-0.017262,0.168835,-0.003780
0.062500,0.687500,-0.034788,0.227560,-0.003937
0.087500,0.687500,-0.054526,0.269535,-0.003992
0.112500,0.687500,-0.074200,0.296145,-0.003957
0.137500,0.687500,-0.092144,0.309393,-0.003846
0.162500,0.687500,-0.107328,0.311554,-0.003677
0.187500,0.687500,-0.119277,0.304897,-0.003462
0.212500,0.687500,-0.127945,0.291500,-0.003217
0.237500,0.687500,-0.133587,0.273152,-0.002950
0.262500,0.687500,-0.136633,0.251314,-0.002672
0.287500,0.687500,-0.137600,0.227135,-0.002389
0.312500,0.687500,-0.137020,0.201480,-0.002104
0.337500,0.687500,-0.135398,0.174972,-0.001821
0.362500,0.687500,-0.133186,0.148044,-0.001542
0.387500,0.687500,-0.130772,0.120974,-0.001267
0.412500,0.687500,-0.128472,0.093921,-0.000996
0.437500,0.687500,-0.126535,0.066962,-0.000729
0.462500,0.687500,-0.125144,0.040109,-0.000464
0.487500,0.687500,-0.124418,0.013336,-0.000202
0.512500,0.687500,-0.124414,-0.013410,0.000060
0.537500,0.687500,-0.125134,-0.040184,0.000322
0.562500,0.687500,-0.126518,-0.067039,0.000587
0.587500,0.687500,-0.128448,-0.094002,0.000854
0.612500,0.687500,-0.130741,-0.121058,0.001125
0.637500,0.687500,-0.133148,-0.148133,0.001400
0.662500,0.687500,-0.135352,-0.175066,0.001680
0.687500,0.687500,-0.136967,-0.201577,0.001963
0.712500,0.687500,-0.137539,-0.227235,0.002248
0.737500,0.687500,-0.136564,-0.251414,0.002532
0.762500,0.687500,-0.133510,-0.273248,0.002810
0.787500,0.687500,-0.127861,-0.291589,0.003076
0.812500,0.687500,-0.119186,-0.304970,0.003322
0.837500,0.687500,-0.107232,-0.311602,0.003536
0.862500,0.687500,-0.092045,-0.309403,0.003706
0.887500,0.687500,-0.074100,-0.296102,0.003817
0.912500,0.687500,-0.054432,-0.269418,0.003852
0.937500,0.687500,-0.034706,-0.227345,0.003797
0.962500,0.687500,-0.017203,-0.168493,0.003640
0.987500,0.687500,-0.004664,-0.092440,0.003374
0.012500,0.712500,-0.005259,0.102892,-0.004182
0.037500,0.712500,-0.019168,0.185374,-0.004464
0.062500,0.712500,-0.038039,0.247417,-0.004611
0.087500,0.712500,-0.058515,0.289891,-0.004634
0.112500,0.712500,-0.077947,0.314893,-0.004549
0.137500,0.712500,-0.094555,0.325198,-0.004380
0.162500,0.712500,-0.107397,0.323777,-0.004146
0.187500,0.712500,-0.116211,0.313439,-0.003868
0.212500,0.712500,-0.121217,0.296635,-0.003561
0.237500,0.712500,-0.122932,0.275374,-0.003240
0.262500,0.712500,-0.122013,0.251221,-0.002913
0.287500,0.712500,-0.119157,0.225342,-0.002586
0.312500,0.712500,-0.115027,0.198566,-0.002264
0.337500,0.712500,-0.110217,0.171457,-0.001949
0.362500,0.712500,-0.105236,0.144370,-0.001643
0.387500,0.712500,-0.100501,0.117502,-0.001344
0.412500,0.712500,-0.096344,0.090939,-0.001053
0.437500,0.712500,-0.093016,0.064684,-0.000768
0.462500,0.712500,-0.090701,0.038684,-0.000487
0.487500,0.712500,-0.089513,0.012850,-0.000209
0.512500,0.712500,-0.089511,-0.012927,0.000067
0.537500,0.712500,-0.090695,-0.038762,0.000345
0.562500,0.712500,-0.093006,-0.064764,0.000626
0.587500,0.712500,-0.096330,-0.091023,0.000911
0.612500,0.712500,-0.100483,-0.117590,0.001203
0.637500,0.712500,-0.105214,-0.144463,0.001501
0.662500,0.712500,-0.110191,-0.171555,0.001808
0.687500,0.712500,-0.114996,-0.198668,0.002123
0.712500,0.712500,-0.119122,-0.225447,0.002445
0.737500,0.712500,-0.121974,-0.251327,0.002772
0.762500,0.712500,-0.122888,-0.275477,0.003100
0.787500,0.712500,-0.121169,-0.296730,0.003422
0.812500,0.712500,-0.116158,-0.313518,0.003728
0.837500,0.712500,-0.107340,-0.323830,0.004006
0.862500,0.712500,-0.094494,-0.325212,0.004240
0.887500,0.712500,-0.077885,-0.314851,0.004410
0.912500,0.712500,-0.058455,-0.289771,0.004495
0.937500,0.712500,-0.037986,-0.247193,0.004472
0.962500,0.712500,-0.019129,-0.185011,0.004325
0.987500,0.712500,-0.005244,-0.102350,0.004042
0.012500,0.737500,-0.005977,0.114127,-0.004983
0.037500,0.737500,-0.021488,0.203558,-0.005284
0.062500,0.737500,-0.041803,0.268419,-0.005411
0.087500,0.737500,-0.062769,0.310332,-0.005383
0.112500,0.737500,-0.081333,0.332448,-0.005228
0.137500,0.737500,-0.095681,0.338599,-0.004977
0.162500,0.737500,-0.105088,0.332626,-0.004660
0.187500,0.737500,-0.109640,0.317957,-0.004301
0.212500,0.737500,-0.109926,0.297412,-0.003922
0.237500,0.737500,-0.106788,0.273176,-0.003535
0.262500,0.737500,-0.101142,0.246857,-0.003152
0.287500,0.737500,-0.093866,0.219577,-0.002778
0.312500,0.737500,-0.085741,0.192080,-0.002417
0.337500,0.737500,-0.077427,0.164824,-0.002069
0.362500,0.737500,-0.069461,0.138059,-0.001735
0.387500,0.737500,-0.062266,0.111886,-0.001414
0.412500,0.737500,-0.056166,0.086301,-0.001104
0.437500,0.737500,-0.051400,0.061232,-0.000802
0.462500,0.737500,-0.048135,0.036558,-0.000507
0.487500,0.737500,-0.046477,0.012133,-0.000216
0.512500,0.737500,-0.046477,-0.012209,0.000074
0.537500,0.737500,-0.048134,-0.036636,0.000365
0.562500,0.737500,-0.051398,-0.061312,0.000661
0.587500,0.737500,-0.056163,-0.086385,0.000962
0.612500,0.737500,-0.062262,-0.111974,0.001273
0.637500,0.737500,-0.069456,-0.138153,0.001594
0.662500,0.737500,-0.077421,-0.164923,0.001928
0.687500,0.737500,-0.085734,-0.192183,0.002276
0.712500,0.737500,-0.093858,-0.219684,0.002638
0.737500,0.737500,-0.101133,-0.246965,0.003012
0.762500,0.737500,-0.106778,-0.273282,0.003396
0.787500,0.737500,-0.109914,-0.297510,0.003783
0.812500,0.737500,-0.109626,-0.318040,0.004162
0.837500,0.737500,-0.105071,-0.332684,0.004521
0.862500,0.737500,-0.095661,-0.338618,0.004839
0.887500,0.737500,-0.081311,-0.332409,0.005090
0.912500,0.737500,-0.062746,-0.310213,0.005245
0.937500,0.737500,-0.041780,-0.268191,0.005273
0.962500,0.737500,-0.021470,-0.203185,0.005146
0.987500,0.737500,-0.005970,-0.113565,0.004846
0.012500,0.762500,-0.006894,0.126998,-0.005962
0.037500,0.762500,-0.024346,0.223649,-0.006277
0.062500,0.762500,-0.046148,0.290443,-0.006365
0.087500,0.762500,-0.067132,0.330257,-0.006259
0.112500,0.762500,-0.083857,0.347811,-0.006002
0.137500,0.762500,-0.094639,0.348365,-0.005640
0.162500,0.762500,-0.099185,0.336816,-0.005214
0.187500,0.762500,-0.098106,0.317242,-0.004756
0.212500,0.762500,-0.092477,0.292785,-0.004289
0.237500,0.762500,-0.083522,0.265713,-0.003828
0.262500,0.762500,-0.072423,0.237578,-0.003383
0.287500,0.762500,-0.060218,0.209378,-0.002958
0.312500,0.762500,-0.047768,0.181707,-0.002556
0.337500,0.762500,-0.035757,0.154875,-0.002175
0.362500,0.762500,-0.024712,0.129000,-0.001815
0.387500,0.762500,-0.015028,0.104069,-0.001473
0.412500,0.762500,-0.006993,0.079986,-0.001146
0.437500,0.762500,-0.000811,0.056602,-0.000830
0.462500,0.762500,0.003380,0.033735,-0.000523
0.487500,0.762500,0.005495,0.011185,-0.000221
0.512500,0.762500,0.005494,-0.011259,0.000079
0.537500,0.762500,0.003377,-0.033810,0.000381
0.562500,0.762500,-0.000815,-0.056680,0.000689
0.587500,0.762500,-0.006999,-0.080067,0.001004
0.612500,0.762500,-0.015036,-0.104155,0.001332
0.637500,0.762500,-0.024722,-0.129091,0.001674
0.662500,0.762500,-0.035770,-0.154972,0.002035
0.687500,0.762500,-0.047783,-0.181808,0.002415
0.712500,0.762500,-0.060236,-0.209483,0.002818
0.737500,0.762500,-0.072443,-0.237685,0.003243
0.762500,0.762500,-0.083545,-0.265819,0.003689
0.787500,0.762500,-0.092501,-0.292884,0.004150
0.812500,0.762500,-0.098131,-0.317327,0.004618
0.837500,0.762500,-0.099210,-0.336877,0.005077
0.862500,0.762500,-0.094661,-0.348388,0.005503
0.887500,0.762500,-0.083876,-0.347778,0.005865
0.912500,0.762500,-0.067147,-0.330144,0.006122
0.937500,0.762500,-0.046157,-0.290221,0.006229
0.962500,0.762500,-0.024350,-0.223278,0.006141
0.987500,0.762500,-0.006895,-0.126431,0.005826
0.012500,0.787500,-0.008090,0.141981,-0.007176
0.037500,0.787500,-0.027897,0.245924,-0.007498
0.062500,0.787500,-0.051079,0.313151,-0.007514
0.087500,0.787500,-0.071206,0.348661,-0.007285
0.112500,0.787500,-0.084587,0.359513,-0.006881
0.137500,0.787500,-0.089984,0.352843,-0.006368
0.162500,0.787500,-0.087851,0.334753,-0.005802
0.187500,0.787500,-0.079545,0.309922,-0.005220
0.212500,0.787500,-0.066739,0.281671,-0.004650
0.237500,0.787500,-0.051060,0.252196,-0.004105
0.262500,0.787500,-0.033922,0.222860,-0.003593
0.287500,0.787500,-0.016463,0.194435,-0.003115
0.312500,0.787500,0.000443,0.167297,-0.002673
0.337500,0.787500,0.016149,0.141571,-0.002261
0.362500,0.787500,0.030190,0.117221,-0.001877
0.387500,0.787500,0.042242,0.094116,-0.001517
0.412500,0.787500,0.052083,0.072067,-0.001176
0.437500,0.787500,0.059566,0.050859,-0.000850
0.462500,0.787500,0.064599,0.030258,-0.000534
0.487500,0.787500,0.067127,0.010023,-0.000225
0.512500,0.787500,0.067125,-0.010091,0.000083
0.537500,0.787500,0.064593,-0.030328,0.000393
0.562500,0.787500,0.059556,-0.050931,0.000708
0.587500,0.787500,0.052068,-0.072143,0.001035
0.612500,0.787500,0.042223,-0.094196,0.001376
0.637500,0.787500,0.030165,-0.117306,0.001737
0.662500,0.787500,0.016119,-0.141662,0.002121
0.687500,0.787500,0.000407,-0.167393,0.002533
0.712500,0.787500,-0.016505,-0.194535,0.002976
0.737500,0.787500,-0.033971,-0.222963,0.003454
0.762500,0.787500,-0.051114,-0.252298,0.003966
0.787500,0.787500,-0.066798,-0.281767,0.004512
0.812500,0.787500,-0.079608,-0.310007,0.005083
0.837500,0.787500,-0.087915,-0.334815,0.005665
0.862500,0.787500,-0.090048,-0.352870,0.006232
0.887500,0.787500,-0.084647,-0.359487,0.006745
0.912500,0.787500,-0.071260,-0.348558,0.007150
0.937500,0.787500,-0.051121,-0.312941,0.007380
0.962500,0.787500,-0.027925,-0.245567,0.007363
0.987500,0.787500,-0.008099,-0.141428,0.007042
0.012500,0.812500,-0.009673,0.159743,-0.008717
0.037500,0.812500,-0.032302,0.270597,-0.009022
0.062500,0.812500,-0.056405,0.335763,-0.008910
0.087500,0.812500,-0.074100,0.363872,-0.008487
0.112500,0.812500,-0.081831,0.365415,-0.007867
0.137500,0.812500,-0.079365,0.349873,-0.007150
0.162500,0.812500,-0.068336,0.324562,-0.006404
0.187500,0.812500,-0.051079,0.294552,-0.005674
0.212500,0.812500,-0.029917,0.263076,-0.004985
0.237500,0.812500,-0.006832,0.232031,-0.004349
0.262500,0.812500,0.016637,0.202423,-0.003767
0.287500,0.812500,0.039359,0.174694,-0.003239
0.312500,0.812500,0.060548,0.148947,-0.002758
0.337500,0.812500,0.079674,0.125093,-0.002319
0.362500,0.812500,0.096396,0.102940,-0.001916
0.387500,0.812500,0.110503,0.082242,-0.001542
0.412500,0.812500,0.121872,0.062735,-0.001192
0.437500,0.812500,0.130434,0.044150,-0.000859
0.462500,0.812500,0.136153,0.026218,-0.000539
0.487500,0.812500,0.139015,0.008676,-0.000226
0.512500,0.812500,0.139012,-0.008737,0.000084
0.537500,0.812500,0.136144,-0.026280,0.000397
0.562500,0.812500,0.130418,-0.044214,0.000718
0.587500,0.812500,0.121850,-0.062802,0.001050
0.612500,0.812500,0.110474,-0.082313,0.001401
0.637500,0.812500,0.096358,-0.103016,0.001775
0.662500,0.812500,0.079628,-0.125175,0.002179
0.687500,0.812500,0.060494,-0.149034,0.002618
0.712500,0.812500,0.039296,-0.174785,0.003100
0.737500,0.812500,0.016564,-0.202517,0.003629
0.762500,0.812500,-0.006913,-0.232125,0.004211
0.787500,0.812500,-0.030007,-0.263166,0.004848
0.812500,0.812500,-0.051175,-0.294633,0.005537
0.837500,0.812500,-0.068437,-0.324623,0.006268
0.862500,0.812500,-0.079468,-0.349903,0.007015
0.887500,0.812500,-0.081931,-0.365396,0.007733
0.912500,0.812500,-0.074191,-0.363782,0.008353
0.937500,0.812500,-0.056480,-0.335571,0.008777
0.962500,0.812500,-0.032354,-0.270266,0.008890
0.987500,0.812500,-0.009692,-0.159221,0.008586
0.012500,0.837500,-0.011792,0.181209,-0.010729
0.037500,0.837500,-0.037644,0.297613,-0.010965
0.062500,0.837500,-0.061439,0.356645,-0.010617
0.087500,0.837500,-0.073916,0.373162,-0.009884
0.112500,0.837500,-0.072556,0.362498,-0.008953
0.137500,0.837500,-0.059006,0.336776,-0.007960
0.162500,0.837500,-0.036594,0.304220,-0.006990
0.187500,0.837500,-0.008777,0.269822,-0.006087
0.212500,0.837500,0.021554,0.236316,-0.005269
0.237500,0.837500,0.052249,0.205013,-0.004538
0.262500,0.837500,0.081831,0.176394,-0.003890
0.287500,0.837500,0.109348,0.150487,-0.003314
0.312500,0.837500,0.134224,0.127092,-0.002802
0.337500,0.837500,0.156142,0.105909,-0.002342
0.362500,0.837500,0.174943,0.086605,-0.001925
0.387500,0.837500,0.190570,0.068846,-0.001544
0.412500,0.837500,0.203021,0.052315,-0.001189
0.437500,0.837500,0.212318,0.036714,-0.000856
0.462500,0.837500,0.218493,0.021763,-0.000536
0.487500,0.837500,0.221571,0.007195,-0.000225
0.512500,0.837500,0.221568,-0.007246,0.000083
0.537500,0.837500,0.218482,-0.021815,0.000395
0.562500,0.837500,0.212299,-0.036768,0.000714
0.587500,0.837500,0.202993,-0.052372,0.001048
0.612500,0.837500,0.190533,-0.068907,0.001403
0.637500,0.837500,0.174897,-0.086670,0.001785
0.662500,0.837500,0.156085,-0.105980,0.002202
0.687500,0.837500,0.134156,-0.127167,0.002662
0.712500,0.837500,0.109268,-0.150567,0.003175
0.737500,0.837500,0.081739,-0.176477,0.003751
0.762500,0.837500,0.052145,-0.205097,0.004400
0.787500,0.837500,0.021439,-0.236398,0.005132
0.812500,0.837500,-0.008903,-0.269896,0.005951
0.837500,0.837500,-0.036727,-0.304278,0.006854
0.862500,0.837500,-0.059143,-0.336806,0.007826
0.887500,0.837500,-0.072691,-0.362486,0.008820
0.912500,0.837500,-0.074042,-0.373087,0.009752
0.937500,0.837500,-0.061545,-0.356478,0.010486
0.962500,0.837500,-0.037719,-0.297317,0.010835
0.987500,0.837500,-0.011820,-0.180735,0.010599
0.012500,0.862500,-0.014599,0.207599,-0.013450
0.037500,0.862500,-0.043649,0.326124,-0.013492
0.062500,0.862500,-0.064274,0.372554,-0.012709
0.087500,0.862500,-0.066760,0.372217,-0.011480
0.112500,0.862500,-0.051410,0.346733,-0.010100
0.137500,0.862500,-0.022963,0.310546,-0.008747
0.162500,0.862500,0.013166,0.271911,-0.007508
0.187500,0.862500,0.052534,0.234948,-0.006414
0.212500,0.862500,0.092029,0.201366,-0.005464
0.237500,0.862500,0.129692,0.171608,-0.004645
0.262500,0.862500,0.164401,0.145511,-0.003939
0.287500,0.862500,0.195590,0.122668,-0.003327
0.312500,0.862500,0.223032,0.102596,-0.002792
0.337500,0.862500,0.246695,0.084827,-0.002321
0.362500,0.862500,0.266654,0.068931,-0.001899
0.387500,0.862500,0.283024,0.054526,-0.001518
0.412500,0.862500,0.295935,0.041277,-0.001167
0.437500,0.862500,0.305504,0.028889,-0.000838
0.462500,0.862500,0.311827,0.017094,-0.000525
0.487500,0.862500,0.314969,0.005646,-0.000221
0.512500,0.862500,0.314965,-0.005687,0.000080
0.537500,0.862500,0.311814,-0.017135,0.000384
0.562500,0.862500,0.305483,-0.028932,0.000697
0.587500,0.862500,0.295904,-0.041323,0.001026
0.612500,0.862500,0.282983,-0.054575,0.001377
0.637500,0.862500,0.266602,-0.068984,0.001759
0.662500,0.862500,0.246631,-0.084885,0.002181
0.687500,0.862500,0.222955,-0.102658,0.002653
0.712500,0.862500,0.195499,-0.122733,0.003188
0.737500,0.862500,0.164296,-0.145580,0.003801
0.762500,0.862500,0.129572,-0.171679,0.004508
0.787500,0.862500,0.091895,-0.201436,0.005328
0.812500,0.862500,0.052387,-0.235012,0.006279
0.837500,0.862500,0.013009,-0.271962,0.007374
0.862500,0.862500,-0.023127,-0.310575,0.008614
0.887500,0.862500,-0.051573,-0.346728,0.009968
0.912500,0.862500,-0.066914,-0.372158,0.011349
0.937500,0.862500,-0.064407,-0.372417,0.012580
0.962500,0.862500,-0.043744,-0.325874,0.013364
0.987500,0.862500,-0.014635,-0.207191,0.013323
0.012500,0.887500,-0.018087,0.240285,-0.017300
0.037500,0.887500,-0.048818,0.353219,-0.016846
0.062500,0.887500,-0.060087,0.377354,-0.015247
0.087500,0.887500,-0.044818,0.354635,-0.013227
0.112500,0.887500,-0.009191,0.313339,-0.011219
0.137500,0.887500,0.037796,0.268508,-0.009420
0.162500,0.887500,0.088856,0.226763,-0.007883
0.187500,0.887500,0.139280,0.190306,-0.006597
0.212500,0.887500,0.186460,0.159336,-0.005529
0.237500,0.887500,0.229168,0.133271,-0.004640
0.262500,0.887500,0.266985,0.111325,-0.003894
0.287500,0.887500,0.299925,0.092729,-0.003262
0.312500,0.887500,0.328207,0.076815,-0.002720
0.337500,0.887500,0.352129,0.063026,-0.002249
0.362500,0.887500,0.372002,0.050905,-0.001834
0.387500,0.887500,0.388111,0.040076,-0.001462
0.412500,0.887500,0.400701,0.030229,-0.001121
0.437500,0.887500,0.409970,0.021102,-0.000805
0.462500,0.887500,0.416065,0.012465,-0.000505
0.487500,0.887500,0.419087,0.004114,-0.000215
0.512500,0.887500,0.419083,-0.004144,0.000073
0.537500,0.887500,0.416052,-0.012496,0.000364
0.562500,0.887500,0.409948,-0.021134,0.000664
0.587500,0.887500,0.400669,-0.030264,0.000980
0.612500,0.887500,0.388069,-0.040113,0.001321
0.637500,0.887500,0.371949,-0.050944,0.001694
0.662500,0.887500,0.352063,-0.063069,0.002110
0.687500,0.887500,0.328127,-0.076862,0.002581
0.712500,0.887500,0.299830,-0.092780,0.003123
0.737500,0.887500,0.266874,-0.111378,0.003756
0.762500,0.887500,0.229041,-0.133326,0.004503
0.787500,0.887500,0.186317,-0.159390,0.005393
0.812500,0.887500,0.139122,-0.190358,0.006463
0.837500,0.887500,0.088685,-0.226805,0.007749
0.862500,0.887500,0.037617,-0.268534,0.009288
0.887500,0.887500,-0.009373,-0.313338,0.011088
0.912500,0.887500,-0.044992,-0.354592,0.013097
0.937500,0.887500,-0.060239,-0.377248,0.015119
0.962500,0.887500,-0.048929,-0.353022,0.016720
0.987500,0.887500,-0.018129,-0.239956,0.017176
0.012500,0.912500,-0.021337,0.279709,-0.023057
0.037500,0.912500,-0.047783,0.370972,-0.021344
0.062500,0.912500,-0.037192,0.360280,-0.018207
0.087500,0.912500,0.007118,0.312131,-0.014960
0.112500,0.912500,0.069253,0.258083,-0.012131
0.137500,0.912500,0.136197,0.209835,-0.009831
0.162500,0.912500,0.200471,0.170104,-0.008006
0.187500,0.912500,0.258702,0.138312,-0.006564
0.212500,0.912500,0.309846,0.113009,-0.005415
0.237500,0.912500,0.353989,0.092751,-0.004491
0.262500,0.912500,0.391680,0.076342,-0.003735
0.287500,0.912500,0.423599,0.062858,-0.003107
0.312500,0.912500,0.450410,0.051597,-0.002577
0.337500,0.912500,0.472704,0.042031,-0.002123
0.362500,0.912500,0.490977,0.033756,-0.001726
0.387500,0.912500,0.505637,0.026459,-0.001373
0.412500,0.912500,0.517004,0.019892,-0.001052
0.437500,0.912500,0.525323,0.013853,-0.000756
0.462500,0.912500,0.530773,0.008171,-0.000476
0.487500,0.912500,0.533468,0.002694,-0.000205
0.512500,0.912500,0.533464,-0.002714,0.000063
0.537500,0.912500,0.530761,-0.008191,0.000334
0.562500,0.912500,0.525303,-0.013875,0.000615
0.587500,0.912500,0.516974,-0.019915,0.000911
0.612500,0.912500,0.505597,-0.026484,0.001232
0.637500,0.912500,0.490926,-0.033783,0.001586
0.662500,0.912500,0.472640,-0.042061,0.001983
0.687500,0.912500,0.450333,-0.051629,0.002438
0.712500,0.912500,0.423507,-0.062892,0.002969
0.737500,0.912500,0.391573,-0.076379,0.003597
0.762500,0.912500,0.353866,-0.092789,0.004354
0.787500,0.912500,0.309706,-0.113048,0.005280
0.812500,0.912500,0.258545,-0.138349,0.006429
0.837500,0.912500,0.200300,-0.170136,0.007873
0.862500,0.912500,0.136015,-0.209856,0.009699
0.887500,0.912500,0.069067,-0.258085,0.012001
0.912500,0.912500,0.006938,-0.312103,0.014831
0.937500,0.912500,-0.037352,-0.360206,0.018080
0.962500,0.912500,-0.047902,-0.370830,0.021219
0.987500,0.912500,-0.021383,-0.279471,0.022935
0.012500,0.937500,-0.019396,0.320442,-0.032241
0.037500,0.937500,-0.023155,0.360444,-0.027265
0.062500,0.937500,0.031785,0.305279,-0.021278
0.087500,0.937500,0.117182,0.237426,-0.016274
0.112500,0.937500,0.207006,0.180830,-0.012515
0.137500,0.937500,0.288838,0.138314,-0.009767
0.162500,0.937500,0.358981,0.107210,-0.007747
0.187500,0.937500,0.417603,0.084355,-0.006235
0.212500,0.937500,0.466156,0.067272,-0.005079
0.237500,0.937500,0.506284,0.054220,-0.004173
0.262500,0.937500,0.539452,0.044018,-0.003447
0.287500,0.937500,0.566856,0.035862,-0.002854
0.312500,0.937500,0.589444,0.029197,-0.002359
0.337500,0.937500,0.607954,0.023632,-0.001939
0.362500,0.937500,0.622955,0.018885,-0.001574
0.387500,0.937500,0.634884,0.014745,-0.001251
0.412500,0.937500,0.644073,0.011054,-0.000959
0.437500,0.937500,0.650766,0.007682,-0.000691
0.462500,0.937500,0.655136,0.004525,-0.000437
0.487500,0.937500,0.657292,0.001491,-0.000192
0.512500,0.937500,0.657288,-0.001502,0.000050
0.537500,0.937500,0.655125,-0.004536,0.000295
0.562500,0.937500,0.650748,-0.007694,0.000549
0.587500,0.937500,0.644047,-0.011066,0.000818
0.612500,0.937500,0.634850,-0.014759,0.001110
0.637500,0.937500,0.622911,-0.018900,0.001433
0.662500,0.937500,0.607899,-0.023648,0.001799
0.687500,0.937500,0.589378,-0.029215,0.002220
0.712500,0.937500,0.566776,-0.035882,0.002716
0.737500,0.937500,0.539358,-0.044040,0.003310
0.762500,0.937500,0.506176,-0.054243,0.004036
0.787500,0.937500,0.466032,-0.067295,0.004943
0.812500,0.937500,0.417463,-0.084378,0.006101
0.837500,0.937500,0.358827,-0.107230,0.007614
0.862500,0.937500,0.288673,-0.138328,0.009635
0.887500,0.937500,0.206835,-0.180833,0.012386
0.912500,0.937500,0.117014,-0.237411,0.016147
0.937500,0.937500,0.031635,-0.305234,0.021152
0.962500,0.937500,-0.023269,-0.360356,0.027141
0.987500,0.937500,-0.019441,-0.320296,0.032120
0.012500,0.962500,0.009717,0.330122,-0.047959
0.037500,0.962500,0.079814,0.284426,-0.034196
0.062500,0.962500,0.207689,0.198483,-0.023366
0.087500,0.962500,0.332359,0.134157,-0.016345
0.112500,0.962500,0.434102,0.092534,-0.011888
0.137500,0.962500,0.512780,0.066102,-0.008973
0.162500,0.962500,0.573158,0.048903,-0.006979
0.187500,0.962500,0.619934,0.037267,-0.005553
0.212500,0.962500,0.656683,0.029061,-0.004491
0.237500,0.962500,0.685941,0.023048,-0.003674
0.262500,0.962500,0.709476,0.018490,-0.003027
0.287500,0.962500,0.728535,0.014929,-0.002503
0.312500,0.962500,0.744008,0.012071,-0.002068
0.337500,0.962500,0.756541,0.009718,-0.001699
0.362500,0.962500,0.766608,0.007733,-0.001380
0.387500,0.962500,0.774559,0.006019,-0.001098
0.412500,0.962500,0.780651,0.004501,-0.000844
0.437500,0.962500,0.785072,0.003123,-0.000610
0.462500,0.962500,0.787950,0.001837,-0.000389
0.487500,0.962500,0.789368,0.000605,-0.000176
0.512500,0.962500,0.789366,-0.000610,0.000034
0.537500,0.962500,0.787943,-0.001842,0.000247
0.562500,0.962500,0.785059,-0.003127,0.000468
0.587500,0.962500,0.780632,-0.004506,0.000703
0.612500,0.962500,0.774534,-0.006025,0.000957
0.637500,0.962500,0.766576,-0.007739,0.001239
0.662500,0.962500,0.756501,-0.009725,0.001559
0.687500,0.962500,0.743960,-0.012078,0.001928
0.712500,0.962500,0.728477,-0.014938,0.002364
0.737500,0.962500,0.709408,-0.018500,0.002890
0.762500,0.962500,0.685861,-0.023058,0.003537
0.787500,0.962500,0.656592,-0.029071,0.004355
0.812500,0.962500,0.619830,-0.037277,0.005419
0.837500,0.962500,0.573043,-0.048913,0.006847
0.862500,0.962500,0.512654,-0.066109,0.008843
0.887500,0.962500,0.433971,-0.092536,0.011759
0.912500,0.962500,0.332229,-0.134151,0.016218
0.937500,0.962500,0.207571,-0.198462,0.023241
0.962500,0.962500,0.079725,-0.284384,0.034074
0.987500,0.962500,0.009681,-0.330057,0.047840
0.012500,0.987500,0.160203,0.160203,-0.076670
0.037500,0.987500,0.432429,0.112023,-0.038195
0.062500,0.987500,0.609946,0.065495,-0.021644
0.087500,0.987500,0.713933,0.038491,-0.013850
0.112500,0.987500,0.776408,0.023984,-0.009720
0.137500,0.987500,0.816388,0.015996,-0.007260
0.162500,0.987500,0.843702,0.011318,-0.005644
0.187500,0.987500,0.863400,0.008379,-0.004505
0.212500,0.987500,0.878191,0.006410,-0.003659
0.237500,0.987500,0.889618,0.005017,-0.003005
0.262500,0.987500,0.898621,0.003986,-0.002486
0.287500,0.987500,0.905803,0.003195,-0.002062
0.312500,0.987500,0.911568,0.002569,-0.001709
0.337500,0.987500,0.916197,0.002059,-0.001409
0.362500,0.987500,0.919890,0.001633,-0.001148
0.387500,0.987500,0.922791,0.001268,-0.000917
0.412500,0.987500,0.925006,0.000946,-0.000709
0.437500,0.987500,0.926608,0.000656,-0.000516
0.462500,0.987500,0.927649,0.000385,-0.000334
0.487500,0.987500,0.928161,0.000127,-0.000158
0.512500,0.987500,0.928160,-0.000128,0.000016
0.537500,0.987500,0.927646,-0.000386,0.000192
0.562500,0.987500,0.926603,-0.000657,0.000374
0.587500,0.987500,0.924998,-0.000947,0.000567
0.612500,0.987500,0.922781,-0.001269,0.000776
0.637500,0.987500,0.919877,-0.001635,0.001008
0.662500,0.987500,0.916180,-0.002061,0.001269
0.687500,0.987500,0.911548,-0.002571,0.001570
0.712500,0.987500,0.905779,-0.003197,0.001924
0.737500,0.987500,0.898593,-0.003988,0.002348
0.762500,0.987500,0.889585,-0.005019,0.002869
0.787500,0.987500,0.878152,-0.006412,0.003523
0.812500,0.987500,0.863356,-0.008382,0.004371
0.837500,0.987500,0.843652,-0.011320,0.005512
0.862500,0.987500,0.816333,-0.015998,0.007129
0.887500,0.987500,0.776349,-0.023984,0.009592
0.912500,0.987500,0.713874,-0.038490,0.013724
0.937500,0.987500,0.609893,-0.065490,0.021520
0.962500,0.987500,0.432389,-0.112012,0.038074
0.987500,0.987500,0.160188,-0.160188,0.076550
